# L T A Error of A
08 0.1 0 0
08 0.2 0 0
08 0.30003 0 0
08 0.4 0.005 0.0002
08 0.5 0.0316 0.0009
08 0.60024 0.0819 0.0041
08 0.70028 0.1571 0.0097
08 0.8 0.2508 0.0128
08 0.90009 0.3962 0.0099
08 1 0.5923 0.0085
08 1.10011 0.8443 0.0041
08 1.20048 1.1829 0.0039
08 1.30039 1.6187 0.0085
08 1.40056 2.1813 0.0082
08 1.5015 2.908 0.0106
08 1.6 3.8041 0.0187
08 1.70068 4.9888 0.0118
08 1.8018 6.482 0.017
08 1.90114 8.036 0.0147
08 2 9.21 0.0132
08 2.10084 9.772 0.0123
08 2.20264 9.6441 0.0147
08 2.30415 8.9438 0.0143
08 2.40385 7.7681 0.0105
08 2.5 6.2902 0.0182
08 2.60417 4.5676 0.0149
08 2.7027 3.1081 0.0183
08 2.80112 1.9919 0.0235
08 2.90698 1.2024 0.0189
08 3.003 0.7731 0.0227
08 3.10559 0.474 0.0232
08 3.20513 0.3086 0.0165
08 3.30033 0.1923 0.0195
08 3.40136 0.1287 0.0211
08 3.50877 0.0862 0.0264
08 3.61011 0.0512 0.0203
08 3.7037 0.0513 0.0343
08 3.80228 0.0458 0.026
08 3.90625 0.0354 0.0201
08 4 0.0178 0.0229
08 4.11523 -0.0125 0.02
08 4.20168 -0.0047 0.0185
08 4.31034 0.0064 0.0167
08 4.40529 -0.0052 0.0243
08 4.5045 0.0075 0.0297
08 4.60829 -0.0006 0.0277
08 4.71698 -0.0052 0.0208
08 4.80769 -0.0376 0.0259
08 4.90196 0.015 0.0209
08 5 -0.0213 0.0267
10 0.1 0 0
10 0.2 0 0
10 0.30003 0 0
10 0.4 0.0073 0.0002
10 0.5 0.0434 0.001
10 0.60024 0.0983 0.0076
10 0.70028 0.1561 0.0144
10 0.8 0.218 0.0189
10 0.90009 0.3107 0.0178
10 1 0.4549 0.0135
10 1.10011 0.6499 0.0071
10 1.20048 0.8849 0.0054
10 1.30039 1.2285 0.0027
10 1.40056 1.6196 0.0109
10 1.5015 2.1618 0.01
10 1.6 2.8337 0.0112
10 1.70068 3.7356 0.0084
10 1.8018 4.904 0.0093
10 1.90114 6.465 0.0194
10 2 8.5602 0.02
10 2.10084 10.5638 0.0295
10 2.20264 11.2651 0.0191
10 2.30415 10.5999 0.019
10 2.40385 8.9682 0.0172
10 2.5 6.8294 0.0222
10 2.60417 4.3892 0.0179
10 2.7027 2.544 0.0185
10 2.80112 1.3684 0.0236
10 2.90698 0.7235 0.0252
10 3.003 0.4141 0.0233
10 3.10559 0.2015 0.0178
10 3.20513 0.1125 0.0183
10 3.30033 0.0939 0.0252
10 3.40136 0.0399 0.029
10 3.50877 0.0169 0.0247
10 3.61011 0.027 0.0289
10 3.7037 -0.0053 0.0238
10 3.80228 0.0041 0.0197
10 3.90625 -0.0209 0.0255
10 4 0.0051 0.028
10 4.11523 0.0103 0.0224
10 4.20168 -0.0136 0.0202
10 4.31034 -0.011 0.0365
10 4.40529 0.0133 0.0232
10 4.5045 -0.0176 0.014
10 4.60829 -0.0054 0.0287
10 4.71698 -0.0129 0.0186
10 4.80769 -0.0044 0.0299
10 4.90196 0.0006 0.0271
10 5 -0.0239 0.0338
12 0.1 0 0
12 0.2 0 0
12 0.30003 0.0001 0
12 0.4 0.0101 0.0002
12 0.5 0.0548 0.002
12 0.60024 0.1263 0.0087
12 0.70028 0.16 0.0197
12 0.8 0.209 0.0297
12 0.90009 0.2789 0.025
12 1 0.3699 0.0189
12 1.10011 0.5225 0.0115
12 1.20048 0.7175 0.0126
12 1.30039 0.9782 0.0075
12 1.40056 1.2984 0.0092
12 1.5015 1.7349 0.0094
12 1.6 2.2716 0.0086
12 1.70068 2.9831 0.0095
12 1.8018 3.9562 0.0126
12 1.90114 5.1863 0.0201
12 2 6.8636 0.0212
12 2.10084 9.4634 0.0237
12 2.20264 11.9599 0.0287
12 2.30415 12.0103 0.0186
12 2.40385 10.0061 0.0262
12 2.5 7.0701 0.0262
12 2.60417 3.9207 0.0179
12 2.7027 1.9022 0.0254
12 2.80112 0.8591 0.0177
12 2.90698 0.3733 0.0303
12 3.003 0.1973 0.0276
12 3.10559 0.0763 0.0219
12 3.20513 0.0551 0.0238
12 3.30033 0.0417 0.0399
12 3.40136 -0.0085 0.0313
12 3.50877 0.0429 0.027
12 3.61011 0.0488 0.0242
12 3.7037 -0.0108 0.0316
12 3.80228 0.0234 0.0221
12 3.90625 0.0081 0.025
12 4 0.0002 0.031
12 4.11523 0.0039 0.0249
12 4.20168 -0.0129 0.0317
12 4.31034 -0.0248 0.0291
12 4.40529 0.0161 0.0272
12 4.5045 -0.0053 0.0356
12 4.60829 0.0251 0.0409
12 4.71698 0.0328 0.0333
12 4.80769 -0.0107 0.0335
12 4.90196 -0.0161 0.0197
12 5 -0.0169 0.0251
14 0.1 0 0
14 0.2 0 0
14 0.30003 0.0001 0
14 0.4 0.0128 0.0004
14 0.5 0.0706 0.0019
14 0.60024 0.1549 0.011
14 0.70028 0.1867 0.0255
14 0.8 0.2035 0.0361
14 0.90009 0.2616 0.0368
14 1 0.3312 0.032
14 1.10011 0.4448 0.0256
14 1.20048 0.5974 0.0202
14 1.30039 0.8137 0.0148
14 1.40056 1.0776 0.0078
14 1.5015 1.4428 0.0085
14 1.6 1.8952 0.0091
14 1.70068 2.5089 0.0093
14 1.8018 3.3136 0.0082
14 1.90114 4.3764 0.0162
14 2 5.8174 0.0123
14 2.10084 7.9148 0.0217
14 2.20264 11.1877 0.0303
14 2.30415 12.9638 0.025
14 2.40385 10.9079 0.0226
14 2.5 7.1428 0.0171
14 2.60417 3.3194 0.0259
14 2.7027 1.3449 0.0221
14 2.80112 0.5177 0.0256
14 2.90698 0.2022 0.0239
14 3.003 0.1122 0.0259
14 3.10559 0.0739 0.0256
14 3.20513 0.0216 0.0273
14 3.30033 -0.0091 0.0339
14 3.40136 -0.0202 0.024
14 3.50877 -0.0057 0.0291
14 3.61011 -0.0101 0.0221
14 3.7037 -0.0196 0.0271
14 3.80228 -0.0084 0.0314
14 3.90625 -0.0271 0.0408
14 4 0.0055 0.0258
14 4.11523 -0.0166 0.0327
14 4.20168 -0.0169 0.0309
14 4.31034 0.0006 0.023
14 4.40529 0.0195 0.0288
14 4.5045 -0.0258 0.0298
14 4.60829 -0.0109 0.0312
14 4.71698 -0.0237 0.0305
14 4.80769 0.011 0.0323
14 4.90196 -0.0012 0.033
14 5 0.0094 0.0291
16 0.1 0 0
16 0.2 0 0
16 0.30003 0.0001 0
16 0.4 0.0159 0.0004
16 0.5 0.0886 0.0025
16 0.60024 0.1863 0.0136
16 0.70028 0.2249 0.0337
16 0.8 0.2528 0.0509
16 0.90009 0.2504 0.0457
16 1 0.3129 0.0414
16 1.10011 0.4079 0.0362
16 1.20048 0.5229 0.0276
16 1.30039 0.6944 0.023
16 1.40056 0.9216 0.0176
16 1.5015 1.2292 0.0138
16 1.6 1.6237 0.0079
16 1.70068 2.1426 0.0119
16 1.8018 2.8845 0.013
16 1.90114 3.7955 0.0185
16 2 5.059 0.0118
16 2.10084 6.9195 0.0169
16 2.20264 9.7853 0.0289
16 2.30415 13.3226 0.0287
16 2.40385 11.6201 0.02
16 2.5 7.0227 0.0245
16 2.60417 2.6994 0.0236
16 2.7027 0.9127 0.0301
16 2.80112 0.3135 0.0325
16 2.90698 0.1073 0.0175
16 3.003 0.0513 0.0367
16 3.10559 0.0135 0.0263
16 3.20513 0.0062 0.0306
16 3.30033 0.0341 0.0231
16 3.40136 -0.0162 0.0232
16 3.50877 0.0137 0.0347
16 3.61011 -0.0397 0.022
16 3.7037 -0.0236 0.027
16 3.80228 -0.0343 0.0323
16 3.90625 0.0199 0.0269
16 4 -0.0045 0.0311
16 4.11523 0.0411 0.0339
16 4.20168 0.0219 0.0333
16 4.31034 0.0612 0.0337
16 4.40529 -0.0169 0.0341
16 4.5045 -0.0101 0.0506
16 4.60829 -0.006 0.0311
16 4.71698 -0.0232 0.0259
16 4.80769 0.0493 0.0454
16 4.90196 -0.0115 0.0364
16 5 -0.0121 0.0366
