# i_sweep, z, m_z
    1,     1, 1.0000
    1,     2, .9000
    1,     3, 1.0000
    1,     4, 1.0000
    1,     5, 1.0000
    1,     6, .9000
    1,     7, 1.0000
    1,     8, 1.0000
    1,     9, .9000
    1,    10, .9000
    1,    11, 1.0000
    1,    12, 1.0000
    1,    13, .7000
    1,    14, 1.0000
    1,    15, 1.0000
    1,    16, 1.0000
    1,    17, 1.0000
    1,    18, 1.0000
    1,    19, 1.0000
    1,    20, .7000

    2,     1, 1.0000
    2,     2, .9000
    2,     3, 1.0000
    2,     4, 1.0000
    2,     5, .9000
    2,     6, 1.0000
    2,     7, 1.0000
    2,     8, .9000
    2,     9, .9000
    2,    10, 1.0000
    2,    11, 1.0000
    2,    12, 1.0000
    2,    13, .7000
    2,    14, .9000
    2,    15, .7000
    2,    16, 1.0000
    2,    17, .9000
    2,    18, 1.0000
    2,    19, 1.0000
    2,    20, .7000

    3,     1, .9000
    3,     2, 1.0000
    3,     3, .9000
    3,     4, .9000
    3,     5, .9000
    3,     6, 1.0000
    3,     7, .8000
    3,     8, .5000
    3,     9, .9000
    3,    10, .9000
    3,    11, 1.0000
    3,    12, 1.0000
    3,    13, .8000
    3,    14, .9000
    3,    15, .9000
    3,    16, 1.0000
    3,    17, .9000
    3,    18, .9000
    3,    19, 1.0000
    3,    20, .3000

    4,     1, 1.0000
    4,     2, .7000
    4,     3, .8000
    4,     4, .7000
    4,     5, .9000
    4,     6, .9000
    4,     7, .7000
    4,     8, .7000
    4,     9, 1.0000
    4,    10, 1.0000
    4,    11, 1.0000
    4,    12, .9000
    4,    13, .8000
    4,    14, .8000
    4,    15, 1.0000
    4,    16, 1.0000
    4,    17, 1.0000
    4,    18, 1.0000
    4,    19, 1.0000
    4,    20, .2000

    5,     1, .8000
    5,     2, .9000
    5,     3, 1.0000
    5,     4, .8000
    5,     5, .9000
    5,     6, .9000
    5,     7, .8000
    5,     8, .6000
    5,     9, 1.0000
    5,    10, .9000
    5,    11, .9000
    5,    12, .8000
    5,    13, .9000
    5,    14, .9000
    5,    15, .8000
    5,    16, .9000
    5,    17, .9000
    5,    18, 1.0000
    5,    19, 1.0000
    5,    20, .0000

    6,     1, 1.0000
    6,     2, .9000
    6,     3, .9000
    6,     4, .8000
    6,     5, .9000
    6,     6, .9000
    6,     7, 1.0000
    6,     8, .9000
    6,     9, .9000
    6,    10, 1.0000
    6,    11, .9000
    6,    12, .9000
    6,    13, .8000
    6,    14, .7000
    6,    15, .7000
    6,    16, 1.0000
    6,    17, 1.0000
    6,    18, 1.0000
    6,    19, .8000
    6,    20, -.1000

    7,     1, 1.0000
    7,     2, .8000
    7,     3, .8000
    7,     4, .8000
    7,     5, .8000
    7,     6, .9000
    7,     7, 1.0000
    7,     8, .9000
    7,     9, .8000
    7,    10, .7000
    7,    11, .8000
    7,    12, .7000
    7,    13, .7000
    7,    14, .4000
    7,    15, .7000
    7,    16, 1.0000
    7,    17, .8000
    7,    18, .8000
    7,    19, .4000
    7,    20, -.6000

    8,     1, .8000
    8,     2, .7000
    8,     3, .8000
    8,     4, .8000
    8,     5, .6000
    8,     6, .8000
    8,     7, .9000
    8,     8, 1.0000
    8,     9, .4000
    8,    10, .7000
    8,    11, .8000
    8,    12, .6000
    8,    13, .7000
    8,    14, .6000
    8,    15, .9000
    8,    16, .9000
    8,    17, .9000
    8,    18, 1.0000
    8,    19, .1000
    8,    20, -.5000

    9,     1, 1.0000
    9,     2, .8000
    9,     3, .6000
    9,     4, .8000
    9,     5, .8000
    9,     6, .8000
    9,     7, .9000
    9,     8, .9000
    9,     9, .4000
    9,    10, .7000
    9,    11, .6000
    9,    12, .9000
    9,    13, .6000
    9,    14, .6000
    9,    15, .6000
    9,    16, .9000
    9,    17, .9000
    9,    18, .6000
    9,    19, .1000
    9,    20, -.5000

   10,     1, 1.0000
   10,     2, 1.0000
   10,     3, .4000
   10,     4, .6000
   10,     5, .4000
   10,     6, .8000
   10,     7, .7000
   10,     8, .6000
   10,     9, .6000
   10,    10, .5000
   10,    11, .6000
   10,    12, .6000
   10,    13, .4000
   10,    14, .6000
   10,    15, .5000
   10,    16, .9000
   10,    17, .9000
   10,    18, .2000
   10,    19, .4000
   10,    20, .0000

   11,     1, 1.0000
   11,     2, .6000
   11,     3, .2000
   11,     4, .4000
   11,     5, .4000
   11,     6, .6000
   11,     7, .4000
   11,     8, .6000
   11,     9, .7000
   11,    10, .7000
   11,    11, .1000
   11,    12, .5000
   11,    13, .3000
   11,    14, .6000
   11,    15, .3000
   11,    16, 1.0000
   11,    17, 1.0000
   11,    18, .3000
   11,    19, .6000
   11,    20, .2000

   12,     1, .9000
   12,     2, .5000
   12,     3, .5000
   12,     4, .3000
   12,     5, .3000
   12,     6, .5000
   12,     7, .6000
   12,     8, .4000
   12,     9, .6000
   12,    10, .4000
   12,    11, .4000
   12,    12, .1000
   12,    13, .1000
   12,    14, .6000
   12,    15, .6000
   12,    16, .7000
   12,    17, .8000
   12,    18, .6000
   12,    19, .6000
   12,    20, .3000

   13,     1, .9000
   13,     2, .9000
   13,     3, .7000
   13,     4, .7000
   13,     5, .5000
   13,     6, .6000
   13,     7, .4000
   13,     8, .2000
   13,     9, .4000
   13,    10, .6000
   13,    11, .6000
   13,    12, .3000
   13,    13, -.2000
   13,    14, .3000
   13,    15, .8000
   13,    16, .8000
   13,    17, .8000
   13,    18, .6000
   13,    19, .7000
   13,    20, .1000

   14,     1, .9000
   14,     2, 1.0000
   14,     3, .8000
   14,     4, .9000
   14,     5, .7000
   14,     6, .5000
   14,     7, .7000
   14,     8, .6000
   14,     9, .7000
   14,    10, .5000
   14,    11, .7000
   14,    12, .4000
   14,    13, .2000
   14,    14, .6000
   14,    15, .9000
   14,    16, .9000
   14,    17, .7000
   14,    18, .7000
   14,    19, .4000
   14,    20, -.1000

   15,     1, .8000
   15,     2, 1.0000
   15,     3, .8000
   15,     4, .6000
   15,     5, .9000
   15,     6, .8000
   15,     7, .6000
   15,     8, .6000
   15,     9, 1.0000
   15,    10, 1.0000
   15,    11, .6000
   15,    12, .5000
   15,    13, .3000
   15,    14, .5000
   15,    15, .8000
   15,    16, .8000
   15,    17, 1.0000
   15,    18, .7000
   15,    19, .5000
   15,    20, .2000

   16,     1, .9000
   16,     2, .7000
   16,     3, .7000
   16,     4, .7000
   16,     5, .8000
   16,     6, .8000
   16,     7, .7000
   16,     8, .9000
   16,     9, .8000
   16,    10, .8000
   16,    11, .5000
   16,    12, .6000
   16,    13, .6000
   16,    14, .3000
   16,    15, .6000
   16,    16, .9000
   16,    17, .9000
   16,    18, .3000
   16,    19, .2000
   16,    20, .4000

   17,     1, .9000
   17,     2, .7000
   17,     3, .6000
   17,     4, .5000
   17,     5, .7000
   17,     6, .6000
   17,     7, .5000
   17,     8, .8000
   17,     9, .9000
   17,    10, .8000
   17,    11, .8000
   17,    12, .5000
   17,    13, .4000
   17,    14, .3000
   17,    15, .5000
   17,    16, .6000
   17,    17, .9000
   17,    18, .2000
   17,    19, -.1000
   17,    20, .1000

   18,     1, .9000
   18,     2, .7000
   18,     3, .5000
   18,     4, .7000
   18,     5, .9000
   18,     6, .7000
   18,     7, .7000
   18,     8, 1.0000
   18,     9, .8000
   18,    10, .7000
   18,    11, .6000
   18,    12, .5000
   18,    13, .4000
   18,    14, .4000
   18,    15, .2000
   18,    16, .5000
   18,    17, .6000
   18,    18, .1000
   18,    19, -.3000
   18,    20, -.6000

   19,     1, .7000
   19,     2, .7000
   19,     3, .5000
   19,     4, .4000
   19,     5, .7000
   19,     6, .6000
   19,     7, .8000
   19,     8, 1.0000
   19,     9, .7000
   19,    10, .7000
   19,    11, .5000
   19,    12, .3000
   19,    13, .2000
   19,    14, .2000
   19,    15, .5000
   19,    16, .7000
   19,    17, .5000
   19,    18, .3000
   19,    19, -.3000
   19,    20, -.6000

   20,     1, .6000
   20,     2, .5000
   20,     3, .7000
   20,     4, .7000
   20,     5, 1.0000
   20,     6, .4000
   20,     7, .8000
   20,     8, .9000
   20,     9, .8000
   20,    10, .8000
   20,    11, 1.0000
   20,    12, .8000
   20,    13, .3000
   20,    14, .2000
   20,    15, .6000
   20,    16, .6000
   20,    17, .6000
   20,    18, .5000
   20,    19, -.1000
   20,    20, -.8000

   21,     1, .6000
   21,     2, .5000
   21,     3, .6000
   21,     4, .6000
   21,     5, .7000
   21,     6, .2000
   21,     7, .7000
   21,     8, .7000
   21,     9, .8000
   21,    10, .7000
   21,    11, 1.0000
   21,    12, .6000
   21,    13, .4000
   21,    14, .2000
   21,    15, .0000
   21,    16, .4000
   21,    17, .3000
   21,    18, .4000
   21,    19, -.5000
   21,    20, -.9000

   22,     1, .6000
   22,     2, .6000
   22,     3, .5000
   22,     4, .5000
   22,     5, .8000
   22,     6, .4000
   22,     7, .7000
   22,     8, .6000
   22,     9, .9000
   22,    10, 1.0000
   22,    11, .9000
   22,    12, .6000
   22,    13, .3000
   22,    14, .4000
   22,    15, .2000
   22,    16, .7000
   22,    17, .4000
   22,    18, .3000
   22,    19, -.7000
   22,    20, -.9000

   23,     1, .8000
   23,     2, .6000
   23,     3, .7000
   23,     4, .6000
   23,     5, 1.0000
   23,     6, .8000
   23,     7, .8000
   23,     8, .5000
   23,     9, 1.0000
   23,    10, .9000
   23,    11, .7000
   23,    12, .6000
   23,    13, .4000
   23,    14, .4000
   23,    15, .6000
   23,    16, .9000
   23,    17, .4000
   23,    18, .3000
   23,    19, -.5000
   23,    20, -.7000

   24,     1, .7000
   24,     2, .4000
   24,     3, .5000
   24,     4, .6000
   24,     5, 1.0000
   24,     6, .8000
   24,     7, .7000
   24,     8, .6000
   24,     9, 1.0000
   24,    10, .9000
   24,    11, .6000
   24,    12, .6000
   24,    13, .6000
   24,    14, .4000
   24,    15, .8000
   24,    16, .8000
   24,    17, .7000
   24,    18, -.3000
   24,    19, -.7000
   24,    20, -.7000

   25,     1, .9000
   25,     2, .8000
   25,     3, .6000
   25,     4, .2000
   25,     5, .7000
   25,     6, .8000
   25,     7, .8000
   25,     8, .6000
   25,     9, .8000
   25,    10, .9000
   25,    11, .9000
   25,    12, .9000
   25,    13, .8000
   25,    14, .3000
   25,    15, .6000
   25,    16, .7000
   25,    17, .0000
   25,    18, -.4000
   25,    19, -.5000
   25,    20, -.4000

   26,     1, .9000
   26,     2, .8000
   26,     3, .6000
   26,     4, .6000
   26,     5, .3000
   26,     6, .5000
   26,     7, .3000
   26,     8, .5000
   26,     9, .9000
   26,    10, 1.0000
   26,    11, .8000
   26,    12, .8000
   26,    13, .9000
   26,    14, .6000
   26,    15, .4000
   26,    16, .0000
   26,    17, -.1000
   26,    18, -.2000
   26,    19, -.3000
   26,    20, -.5000

   27,     1, .9000
   27,     2, .9000
   27,     3, .7000
   27,     4, .8000
   27,     5, .8000
   27,     6, .9000
   27,     7, .7000
   27,     8, .4000
   27,     9, .8000
   27,    10, 1.0000
   27,    11, 1.0000
   27,    12, .9000
   27,    13, .8000
   27,    14, .5000
   27,    15, .2000
   27,    16, -.4000
   27,    17, -.1000
   27,    18, -.3000
   27,    19, -.4000
   27,    20, -.6000

   28,     1, .8000
   28,     2, .7000
   28,     3, .8000
   28,     4, .6000
   28,     5, 1.0000
   28,     6, .8000
   28,     7, .5000
   28,     8, .5000
   28,     9, 1.0000
   28,    10, 1.0000
   28,    11, 1.0000
   28,    12, .7000
   28,    13, .5000
   28,    14, .4000
   28,    15, .3000
   28,    16, -.3000
   28,    17, .0000
   28,    18, -.5000
   28,    19, -.2000
   28,    20, -.8000

   29,     1, .9000
   29,     2, .6000
   29,     3, .4000
   29,     4, .6000
   29,     5, 1.0000
   29,     6, .8000
   29,     7, .8000
   29,     8, .5000
   29,     9, .9000
   29,    10, 1.0000
   29,    11, .9000
   29,    12, .5000
   29,    13, .3000
   29,    14, .3000
   29,    15, .6000
   29,    16, .4000
   29,    17, -.5000
   29,    18, -.4000
   29,    19, -.6000
   29,    20, -.5000

   30,     1, .8000
   30,     2, .7000
   30,     3, .8000
   30,     4, .4000
   30,     5, .7000
   30,     6, .6000
   30,     7, .8000
   30,     8, .9000
   30,     9, 1.0000
   30,    10, 1.0000
   30,    11, 1.0000
   30,    12, 1.0000
   30,    13, .6000
   30,    14, .5000
   30,    15, .5000
   30,    16, -.2000
   30,    17, -.5000
   30,    18, -.8000
   30,    19, -.5000
   30,    20, -.7000

   31,     1, 1.0000
   31,     2, .9000
   31,     3, .5000
   31,     4, .8000
   31,     5, .7000
   31,     6, .9000
   31,     7, .8000
   31,     8, .6000
   31,     9, .9000
   31,    10, 1.0000
   31,    11, 1.0000
   31,    12, .8000
   31,    13, .8000
   31,    14, .7000
   31,    15, .4000
   31,    16, .1000
   31,    17, -.5000
   31,    18, -.8000
   31,    19, -.7000
   31,    20, -1.0000

   32,     1, 1.0000
   32,     2, .8000
   32,     3, .9000
   32,     4, 1.0000
   32,     5, 1.0000
   32,     6, .7000
   32,     7, .8000
   32,     8, .6000
   32,     9, .6000
   32,    10, .9000
   32,    11, .8000
   32,    12, .9000
   32,    13, .7000
   32,    14, .6000
   32,    15, .5000
   32,    16, .5000
   32,    17, -.5000
   32,    18, -.5000
   32,    19, -.3000
   32,    20, -1.0000

   33,     1, .9000
   33,     2, .8000
   33,     3, .9000
   33,     4, .6000
   33,     5, .8000
   33,     6, .6000
   33,     7, .5000
   33,     8, .5000
   33,     9, .4000
   33,    10, .7000
   33,    11, .7000
   33,    12, .7000
   33,    13, .5000
   33,    14, .4000
   33,    15, .5000
   33,    16, -.2000
   33,    17, -.4000
   33,    18, -.4000
   33,    19, -.7000
   33,    20, -.9000

   34,     1, 1.0000
   34,     2, .9000
   34,     3, 1.0000
   34,     4, .6000
   34,     5, .4000
   34,     6, .5000
   34,     7, .5000
   34,     8, .4000
   34,     9, .5000
   34,    10, .5000
   34,    11, .5000
   34,    12, .4000
   34,    13, .6000
   34,    14, .5000
   34,    15, .4000
   34,    16, .2000
   34,    17, -.7000
   34,    18, -.5000
   34,    19, -.9000
   34,    20, -1.0000

   35,     1, .9000
   35,     2, .9000
   35,     3, .9000
   35,     4, .6000
   35,     5, .5000
   35,     6, .2000
   35,     7, .6000
   35,     8, .3000
   35,     9, .5000
   35,    10, .5000
   35,    11, .2000
   35,    12, .0000
   35,    13, .6000
   35,    14, .6000
   35,    15, .3000
   35,    16, -.3000
   35,    17, -.6000
   35,    18, -.7000
   35,    19, -1.0000
   35,    20, -.7000

   36,     1, .8000
   36,     2, .7000
   36,     3, .6000
   36,     4, .5000
   36,     5, .3000
   36,     6, .2000
   36,     7, .3000
   36,     8, .2000
   36,     9, .4000
   36,    10, .4000
   36,    11, .3000
   36,    12, .0000
   36,    13, .3000
   36,    14, .4000
   36,    15, .4000
   36,    16, -.2000
   36,    17, -.4000
   36,    18, -.9000
   36,    19, -.9000
   36,    20, -.7000

   37,     1, .6000
   37,     2, .7000
   37,     3, .6000
   37,     4, .6000
   37,     5, .5000
   37,     6, .4000
   37,     7, .1000
   37,     8, .3000
   37,     9, .1000
   37,    10, .3000
   37,    11, .2000
   37,    12, .2000
   37,    13, .1000
   37,    14, .6000
   37,    15, .3000
   37,    16, -.3000
   37,    17, -.3000
   37,    18, -.8000
   37,    19, -.9000
   37,    20, -.8000

   38,     1, .5000
   38,     2, .8000
   38,     3, .2000
   38,     4, .7000
   38,     5, .7000
   38,     6, .1000
   38,     7, .2000
   38,     8, .1000
   38,     9, .2000
   38,    10, .3000
   38,    11, .4000
   38,    12, .4000
   38,    13, .4000
   38,    14, .3000
   38,    15, .0000
   38,    16, -.3000
   38,    17, -.4000
   38,    18, -.9000
   38,    19, -.7000
   38,    20, -.8000

   39,     1, .6000
   39,     2, .5000
   39,     3, .5000
   39,     4, .7000
   39,     5, .7000
   39,     6, .2000
   39,     7, .1000
   39,     8, .2000
   39,     9, .2000
   39,    10, .3000
   39,    11, .6000
   39,    12, .4000
   39,    13, .3000
   39,    14, .2000
   39,    15, -.1000
   39,    16, .1000
   39,    17, -.6000
   39,    18, -.9000
   39,    19, -.9000
   39,    20, -.7000

   40,     1, .6000
   40,     2, .9000
   40,     3, .8000
   40,     4, .2000
   40,     5, .5000
   40,     6, .3000
   40,     7, .3000
   40,     8, .2000
   40,     9, .1000
   40,    10, .2000
   40,    11, .6000
   40,    12, .4000
   40,    13, .3000
   40,    14, .0000
   40,    15, .1000
   40,    16, -.4000
   40,    17, -.7000
   40,    18, -.9000
   40,    19, -.7000
   40,    20, -.8000

   41,     1, .6000
   41,     2, .8000
   41,     3, .6000
   41,     4, .7000
   41,     5, .5000
   41,     6, .1000
   41,     7, .2000
   41,     8, .2000
   41,     9, .1000
   41,    10, -.2000
   41,    11, .5000
   41,    12, .4000
   41,    13, -.2000
   41,    14, -.1000
   41,    15, -.5000
   41,    16, -.9000
   41,    17, -.6000
   41,    18, -.7000
   41,    19, -.8000
   41,    20, -.8000

   42,     1, .6000
   42,     2, .7000
   42,     3, .6000
   42,     4, .4000
   42,     5, .4000
   42,     6, .2000
   42,     7, .2000
   42,     8, .2000
   42,     9, .1000
   42,    10, -.3000
   42,    11, .4000
   42,    12, .1000
   42,    13, -.1000
   42,    14, -.4000
   42,    15, -.4000
   42,    16, -.9000
   42,    17, -.8000
   42,    18, -1.0000
   42,    19, -.9000
   42,    20, -.9000

   43,     1, .5000
   43,     2, .8000
   43,     3, .6000
   43,     4, .1000
   43,     5, .7000
   43,     6, .4000
   43,     7, .3000
   43,     8, .3000
   43,     9, -.2000
   43,    10, -.3000
   43,    11, .2000
   43,    12, .1000
   43,    13, .0000
   43,    14, -.5000
   43,    15, -.6000
   43,    16, -.4000
   43,    17, -.6000
   43,    18, -.9000
   43,    19, -.9000
   43,    20, -.9000

   44,     1, .6000
   44,     2, .9000
   44,     3, .9000
   44,     4, .3000
   44,     5, .8000
   44,     6, .2000
   44,     7, .3000
   44,     8, .1000
   44,     9, .0000
   44,    10, -.4000
   44,    11, .1000
   44,    12, .2000
   44,    13, -.1000
   44,    14, -.2000
   44,    15, -.4000
   44,    16, -.3000
   44,    17, -.9000
   44,    18, -.7000
   44,    19, -.9000
   44,    20, -.8000

   45,     1, .8000
   45,     2, .7000
   45,     3, .5000
   45,     4, .4000
   45,     5, .4000
   45,     6, .1000
   45,     7, .0000
   45,     8, .0000
   45,     9, -.2000
   45,    10, -.2000
   45,    11, .0000
   45,    12, .1000
   45,    13, .1000
   45,    14, .3000
   45,    15, -.8000
   45,    16, -.4000
   45,    17, -.5000
   45,    18, -.8000
   45,    19, -1.0000
   45,    20, -.8000

   46,     1, .9000
   46,     2, .8000
   46,     3, .5000
   46,     4, .2000
   46,     5, .6000
   46,     6, .5000
   46,     7, .1000
   46,     8, -.1000
   46,     9, -.1000
   46,    10, -.3000
   46,    11, .1000
   46,    12, .4000
   46,    13, .3000
   46,    14, .3000
   46,    15, -.8000
   46,    16, -.7000
   46,    17, -.4000
   46,    18, -.8000
   46,    19, -1.0000
   46,    20, -1.0000

   47,     1, .9000
   47,     2, .5000
   47,     3, .5000
   47,     4, .4000
   47,     5, .7000
   47,     6, .6000
   47,     7, .2000
   47,     8, -.2000
   47,     9, -.5000
   47,    10, -.3000
   47,    11, -.1000
   47,    12, .3000
   47,    13, .4000
   47,    14, .0000
   47,    15, -.4000
   47,    16, -.7000
   47,    17, -.3000
   47,    18, -.9000
   47,    19, -1.0000
   47,    20, -1.0000

   48,     1, .5000
   48,     2, .5000
   48,     3, .4000
   48,     4, .6000
   48,     5, .8000
   48,     6, .8000
   48,     7, .2000
   48,     8, .0000
   48,     9, -.4000
   48,    10, .2000
   48,    11, .2000
   48,    12, .2000
   48,    13, .1000
   48,    14, -.1000
   48,    15, -1.0000
   48,    16, -.5000
   48,    17, -.6000
   48,    18, -.5000
   48,    19, -.9000
   48,    20, -1.0000

   49,     1, .5000
   49,     2, .8000
   49,     3, .1000
   49,     4, .4000
   49,     5, .7000
   49,     6, .5000
   49,     7, .1000
   49,     8, .0000
   49,     9, .1000
   49,    10, .0000
   49,    11, .6000
   49,    12, .2000
   49,    13, .1000
   49,    14, -.2000
   49,    15, -.6000
   49,    16, -.9000
   49,    17, -.5000
   49,    18, -.4000
   49,    19, -.9000
   49,    20, -.7000

   50,     1, .6000
   50,     2, .4000
   50,     3, .6000
   50,     4, .7000
   50,     5, .4000
   50,     6, .5000
   50,     7, .2000
   50,     8, .0000
   50,     9, .6000
   50,    10, .4000
   50,    11, .6000
   50,    12, .1000
   50,    13, -.3000
   50,    14, -.5000
   50,    15, -.7000
   50,    16, -.9000
   50,    17, -.4000
   50,    18, -.5000
   50,    19, -.7000
   50,    20, -.6000

   51,     1, 1.0000
   51,     2, .5000
   51,     3, .6000
   51,     4, .9000
   51,     5, .2000
   51,     6, .4000
   51,     7, .4000
   51,     8, .1000
   51,     9, .3000
   51,    10, .2000
   51,    11, .4000
   51,    12, .1000
   51,    13, -.1000
   51,    14, -.2000
   51,    15, -.2000
   51,    16, -.6000
   51,    17, -.4000
   51,    18, -.6000
   51,    19, -.6000
   51,    20, -.9000

   52,     1, 1.0000
   52,     2, .6000
   52,     3, .5000
   52,     4, .7000
   52,     5, .7000
   52,     6, .2000
   52,     7, .3000
   52,     8, .4000
   52,     9, .4000
   52,    10, .3000
   52,    11, -.1000
   52,    12, .2000
   52,    13, .2000
   52,    14, -.1000
   52,    15, -.1000
   52,    16, -.6000
   52,    17, -.4000
   52,    18, -.6000
   52,    19, -.9000
   52,    20, -1.0000

   53,     1, .9000
   53,     2, .6000
   53,     3, .6000
   53,     4, .5000
   53,     5, .1000
   53,     6, -.1000
   53,     7, .2000
   53,     8, .1000
   53,     9, .4000
   53,    10, .4000
   53,    11, .2000
   53,    12, .3000
   53,    13, .3000
   53,    14, -.1000
   53,    15, .2000
   53,    16, -.4000
   53,    17, -.3000
   53,    18, -.7000
   53,    19, -.9000
   53,    20, -.9000

   54,     1, .8000
   54,     2, .5000
   54,     3, .5000
   54,     4, .5000
   54,     5, .2000
   54,     6, -.1000
   54,     7, -.1000
   54,     8, -.2000
   54,     9, .4000
   54,    10, .0000
   54,    11, .4000
   54,    12, .3000
   54,    13, .4000
   54,    14, .1000
   54,    15, .1000
   54,    16, -.5000
   54,    17, -.5000
   54,    18, -.4000
   54,    19, -.5000
   54,    20, -.9000

   55,     1, .9000
   55,     2, .5000
   55,     3, .4000
   55,     4, .2000
   55,     5, .1000
   55,     6, -.1000
   55,     7, -.2000
   55,     8, .1000
   55,     9, .5000
   55,    10, .2000
   55,    11, .4000
   55,    12, .1000
   55,    13, .6000
   55,    14, -.1000
   55,    15, .0000
   55,    16, -.5000
   55,    17, -.5000
   55,    18, -.7000
   55,    19, -.6000
   55,    20, -.9000

   56,     1, .8000
   56,     2, .6000
   56,     3, .3000
   56,     4, .3000
   56,     5, .3000
   56,     6, .0000
   56,     7, -.1000
   56,     8, .6000
   56,     9, .4000
   56,    10, .1000
   56,    11, .1000
   56,    12, .5000
   56,    13, .1000
   56,    14, .1000
   56,    15, -.2000
   56,    16, -.4000
   56,    17, -.9000
   56,    18, -.8000
   56,    19, -.6000
   56,    20, -.9000

   57,     1, .8000
   57,     2, .3000
   57,     3, .5000
   57,     4, .7000
   57,     5, .3000
   57,     6, .1000
   57,     7, -.1000
   57,     8, 1.0000
   57,     9, .5000
   57,    10, .2000
   57,    11, .1000
   57,    12, .1000
   57,    13, .3000
   57,    14, .1000
   57,    15, -.5000
   57,    16, -.5000
   57,    17, -.6000
   57,    18, -.8000
   57,    19, -.9000
   57,    20, -.9000

   58,     1, .7000
   58,     2, .7000
   58,     3, .5000
   58,     4, .7000
   58,     5, .4000
   58,     6, -.1000
   58,     7, .5000
   58,     8, .5000
   58,     9, .1000
   58,    10, .2000
   58,    11, .2000
   58,    12, .1000
   58,    13, .4000
   58,    14, .4000
   58,    15, -.4000
   58,    16, -.4000
   58,    17, -.8000
   58,    18, -.7000
   58,    19, -.8000
   58,    20, -.9000

   59,     1, 1.0000
   59,     2, .7000
   59,     3, .9000
   59,     4, 1.0000
   59,     5, .7000
   59,     6, .6000
   59,     7, .6000
   59,     8, .2000
   59,     9, .0000
   59,    10, .2000
   59,    11, .0000
   59,    12, .2000
   59,    13, .1000
   59,    14, .2000
   59,    15, -.3000
   59,    16, -.5000
   59,    17, -.9000
   59,    18, -.7000
   59,    19, -.9000
   59,    20, -.8000

   60,     1, 1.0000
   60,     2, .8000
   60,     3, .9000
   60,     4, 1.0000
   60,     5, .4000
   60,     6, .3000
   60,     7, .4000
   60,     8, -.1000
   60,     9, -.2000
   60,    10, .3000
   60,    11, .1000
   60,    12, .2000
   60,    13, .2000
   60,    14, .0000
   60,    15, -.2000
   60,    16, -.7000
   60,    17, -.9000
   60,    18, -.8000
   60,    19, -.7000
   60,    20, -.9000

   61,     1, 1.0000
   61,     2, .2000
   61,     3, .7000
   61,     4, .7000
   61,     5, .5000
   61,     6, .6000
   61,     7, .5000
   61,     8, .3000
   61,     9, .0000
   61,    10, .0000
   61,    11, -.1000
   61,    12, .2000
   61,    13, -.1000
   61,    14, -.3000
   61,    15, -.2000
   61,    16, -.1000
   61,    17, -.6000
   61,    18, -.8000
   61,    19, -.9000
   61,    20, -.8000

   62,     1, .9000
   62,     2, .3000
   62,     3, .8000
   62,     4, .9000
   62,     5, .9000
   62,     6, .8000
   62,     7, .4000
   62,     8, .6000
   62,     9, .2000
   62,    10, -.1000
   62,    11, .1000
   62,    12, -.3000
   62,    13, -.3000
   62,    14, -.5000
   62,    15, .0000
   62,    16, .1000
   62,    17, -.7000
   62,    18, -.8000
   62,    19, -.8000
   62,    20, -.9000

   63,     1, .7000
   63,     2, .2000
   63,     3, .7000
   63,     4, .9000
   63,     5, .8000
   63,     6, 1.0000
   63,     7, .7000
   63,     8, .8000
   63,     9, .2000
   63,    10, .4000
   63,    11, -.1000
   63,    12, -.1000
   63,    13, -.3000
   63,    14, -.4000
   63,    15, -.1000
   63,    16, .2000
   63,    17, -.5000
   63,    18, -.6000
   63,    19, -.9000
   63,    20, -.9000

   64,     1, .8000
   64,     2, .6000
   64,     3, .7000
   64,     4, .7000
   64,     5, .8000
   64,     6, .9000
   64,     7, .9000
   64,     8, .5000
   64,     9, .3000
   64,    10, .1000
   64,    11, .0000
   64,    12, -.2000
   64,    13, -.4000
   64,    14, -.1000
   64,    15, .1000
   64,    16, .2000
   64,    17, -.6000
   64,    18, -.8000
   64,    19, -.7000
   64,    20, -.9000

   65,     1, .8000
   65,     2, .6000
   65,     3, .6000
   65,     4, .7000
   65,     5, .6000
   65,     6, .8000
   65,     7, .7000
   65,     8, .7000
   65,     9, .3000
   65,    10, -.2000
   65,    11, -.5000
   65,    12, -.3000
   65,    13, -.5000
   65,    14, .1000
   65,    15, .1000
   65,    16, .0000
   65,    17, -.6000
   65,    18, -.7000
   65,    19, -.7000
   65,    20, -.9000

   66,     1, 1.0000
   66,     2, .5000
   66,     3, .7000
   66,     4, .8000
   66,     5, .7000
   66,     6, .9000
   66,     7, .7000
   66,     8, .6000
   66,     9, .5000
   66,    10, -.4000
   66,    11, -.6000
   66,    12, -.2000
   66,    13, .0000
   66,    14, .2000
   66,    15, .4000
   66,    16, .1000
   66,    17, -.7000
   66,    18, -.9000
   66,    19, -.3000
   66,    20, -.6000

   67,     1, .9000
   67,     2, .5000
   67,     3, .9000
   67,     4, .6000
   67,     5, .6000
   67,     6, .6000
   67,     7, .6000
   67,     8, .5000
   67,     9, -.1000
   67,    10, -.7000
   67,    11, -.8000
   67,    12, .0000
   67,    13, -.2000
   67,    14, .1000
   67,    15, -.5000
   67,    16, -.3000
   67,    17, -.8000
   67,    18, -1.0000
   67,    19, -.6000
   67,    20, -.6000

   68,     1, .6000
   68,     2, .7000
   68,     3, .8000
   68,     4, .7000
   68,     5, .6000
   68,     6, .5000
   68,     7, .8000
   68,     8, .2000
   68,     9, .1000
   68,    10, -.3000
   68,    11, -.7000
   68,    12, -.3000
   68,    13, -.1000
   68,    14, .1000
   68,    15, -.1000
   68,    16, -.7000
   68,    17, -.8000
   68,    18, -1.0000
   68,    19, -.5000
   68,    20, -.5000

   69,     1, .5000
   69,     2, .7000
   69,     3, .4000
   69,     4, .5000
   69,     5, .6000
   69,     6, .7000
   69,     7, .5000
   69,     8, .3000
   69,     9, .0000
   69,    10, -.1000
   69,    11, -.3000
   69,    12, -.3000
   69,    13, -.1000
   69,    14, .0000
   69,    15, .2000
   69,    16, -.3000
   69,    17, -.7000
   69,    18, -.8000
   69,    19, -.8000
   69,    20, -.6000

   70,     1, .5000
   70,     2, .8000
   70,     3, .6000
   70,     4, .5000
   70,     5, .5000
   70,     6, 1.0000
   70,     7, .7000
   70,     8, .3000
   70,     9, .1000
   70,    10, -.5000
   70,    11, -.6000
   70,    12, -.4000
   70,    13, .1000
   70,    14, .4000
   70,    15, .3000
   70,    16, -.4000
   70,    17, -.7000
   70,    18, -.7000
   70,    19, -.9000
   70,    20, -.5000

   71,     1, .7000
   71,     2, .8000
   71,     3, .7000
   71,     4, .7000
   71,     5, .8000
   71,     6, .8000
   71,     7, .7000
   71,     8, -.1000
   71,     9, .3000
   71,    10, -.1000
   71,    11, -.5000
   71,    12, -.6000
   71,    13, .0000
   71,    14, .2000
   71,    15, .4000
   71,    16, -.5000
   71,    17, -.6000
   71,    18, -.8000
   71,    19, -.7000
   71,    20, -.6000

   72,     1, .9000
   72,     2, .7000
   72,     3, .8000
   72,     4, .8000
   72,     5, .8000
   72,     6, .4000
   72,     7, .9000
   72,     8, .2000
   72,     9, -.1000
   72,    10, .0000
   72,    11, -.5000
   72,    12, -.5000
   72,    13, -.1000
   72,    14, .0000
   72,    15, -.1000
   72,    16, -.4000
   72,    17, -.4000
   72,    18, -.7000
   72,    19, -.8000
   72,    20, -.3000

   73,     1, 1.0000
   73,     2, .5000
   73,     3, .8000
   73,     4, .7000
   73,     5, .7000
   73,     6, .5000
   73,     7, 1.0000
   73,     8, .8000
   73,     9, .4000
   73,    10, .0000
   73,    11, -.4000
   73,    12, -.3000
   73,    13, -.3000
   73,    14, -.2000
   73,    15, .2000
   73,    16, -.5000
   73,    17, -.4000
   73,    18, -1.0000
   73,    19, -.9000
   73,    20, -.3000

   74,     1, .9000
   74,     2, .7000
   74,     3, .5000
   74,     4, .4000
   74,     5, .4000
   74,     6, .6000
   74,     7, 1.0000
   74,     8, .6000
   74,     9, .1000
   74,    10, .2000
   74,    11, -.1000
   74,    12, -.2000
   74,    13, -.2000
   74,    14, -.3000
   74,    15, -.1000
   74,    16, -.3000
   74,    17, -.6000
   74,    18, -.9000
   74,    19, -1.0000
   74,    20, -.6000

   75,     1, .9000
   75,     2, .7000
   75,     3, .3000
   75,     4, .2000
   75,     5, .0000
   75,     6, .5000
   75,     7, .3000
   75,     8, .4000
   75,     9, .2000
   75,    10, .4000
   75,    11, .1000
   75,    12, -.4000
   75,    13, -.1000
   75,    14, .0000
   75,    15, .1000
   75,    16, -.2000
   75,    17, -.6000
   75,    18, -.9000
   75,    19, -.9000
   75,    20, -.9000

   76,     1, .9000
   76,     2, .4000
   76,     3, .0000
   76,     4, .1000
   76,     5, .2000
   76,     6, .8000
   76,     7, .4000
   76,     8, .3000
   76,     9, .2000
   76,    10, .3000
   76,    11, .0000
   76,    12, -.2000
   76,    13, -.4000
   76,    14, -.3000
   76,    15, .0000
   76,    16, -.2000
   76,    17, -.6000
   76,    18, -.8000
   76,    19, -.7000
   76,    20, -1.0000

   77,     1, 1.0000
   77,     2, .3000
   77,     3, -.1000
   77,     4, -.2000
   77,     5, .4000
   77,     6, .5000
   77,     7, .4000
   77,     8, .2000
   77,     9, .0000
   77,    10, .3000
   77,    11, .4000
   77,    12, .0000
   77,    13, -.5000
   77,    14, -.3000
   77,    15, .2000
   77,    16, .0000
   77,    17, -.3000
   77,    18, -.7000
   77,    19, -.9000
   77,    20, -1.0000

   78,     1, 1.0000
   78,     2, .6000
   78,     3, .0000
   78,     4, -.3000
   78,     5, .1000
   78,     6, .2000
   78,     7, .4000
   78,     8, .8000
   78,     9, .4000
   78,    10, .6000
   78,    11, .2000
   78,    12, .0000
   78,    13, -.4000
   78,    14, .0000
   78,    15, .3000
   78,    16, .0000
   78,    17, -.6000
   78,    18, -.8000
   78,    19, -.9000
   78,    20, -.6000

   79,     1, .9000
   79,     2, .6000
   79,     3, -.1000
   79,     4, -.3000
   79,     5, -.3000
   79,     6, .2000
   79,     7, .2000
   79,     8, .6000
   79,     9, .3000
   79,    10, .5000
   79,    11, -.1000
   79,    12, -.1000
   79,    13, -.3000
   79,    14, -.2000
   79,    15, .2000
   79,    16, .1000
   79,    17, -.5000
   79,    18, -.8000
   79,    19, -.9000
   79,    20, -.7000

   80,     1, .8000
   80,     2, .4000
   80,     3, .2000
   80,     4, .1000
   80,     5, -.1000
   80,     6, .0000
   80,     7, .2000
   80,     8, .6000
   80,     9, .3000
   80,    10, .7000
   80,    11, -.2000
   80,    12, -.5000
   80,    13, -.4000
   80,    14, -.3000
   80,    15, .2000
   80,    16, .0000
   80,    17, -.9000
   80,    18, -.8000
   80,    19, -.9000
   80,    20, -.8000

   81,     1, .7000
   81,     2, .5000
   81,     3, .2000
   81,     4, .3000
   81,     5, -.3000
   81,     6, -.1000
   81,     7, .5000
   81,     8, .2000
   81,     9, .0000
   81,    10, .3000
   81,    11, -.4000
   81,    12, -.5000
   81,    13, -.5000
   81,    14, -.3000
   81,    15, -.1000
   81,    16, -.3000
   81,    17, -1.0000
   81,    18, -.9000
   81,    19, -.8000
   81,    20, -1.0000

   82,     1, .5000
   82,     2, .6000
   82,     3, .7000
   82,     4, .4000
   82,     5, -.1000
   82,     6, .4000
   82,     7, .2000
   82,     8, .1000
   82,     9, .1000
   82,    10, -.3000
   82,    11, -.6000
   82,    12, -.5000
   82,    13, -.2000
   82,    14, -.4000
   82,    15, -.2000
   82,    16, -.3000
   82,    17, -.7000
   82,    18, -1.0000
   82,    19, -.9000
   82,    20, -.9000

   83,     1, .6000
   83,     2, 1.0000
   83,     3, .7000
   83,     4, .7000
   83,     5, .2000
   83,     6, .0000
   83,     7, .5000
   83,     8, .4000
   83,     9, .1000
   83,    10, .0000
   83,    11, -.1000
   83,    12, -.4000
   83,    13, -.1000
   83,    14, .1000
   83,    15, -.3000
   83,    16, -.4000
   83,    17, -.7000
   83,    18, -.9000
   83,    19, -1.0000
   83,    20, -1.0000

   84,     1, .7000
   84,     2, .7000
   84,     3, .5000
   84,     4, .4000
   84,     5, -.1000
   84,     6, .2000
   84,     7, .4000
   84,     8, .2000
   84,     9, .1000
   84,    10, .0000
   84,    11, -.4000
   84,    12, -.5000
   84,    13, -.4000
   84,    14, -.1000
   84,    15, -.1000
   84,    16, -.6000
   84,    17, -.9000
   84,    18, -.9000
   84,    19, -.9000
   84,    20, -1.0000

   85,     1, .7000
   85,     2, .7000
   85,     3, .7000
   85,     4, .0000
   85,     5, -.3000
   85,     6, .1000
   85,     7, .1000
   85,     8, .1000
   85,     9, .1000
   85,    10, .3000
   85,    11, -.4000
   85,    12, -.5000
   85,    13, -.4000
   85,    14, .2000
   85,    15, .2000
   85,    16, -.7000
   85,    17, -.7000
   85,    18, -.7000
   85,    19, -.8000
   85,    20, -.7000

   86,     1, .6000
   86,     2, .5000
   86,     3, .5000
   86,     4, .0000
   86,     5, -.4000
   86,     6, -.1000
   86,     7, .0000
   86,     8, .1000
   86,     9, .4000
   86,    10, .1000
   86,    11, -.2000
   86,    12, -.5000
   86,    13, -.3000
   86,    14, -.3000
   86,    15, .0000
   86,    16, -.1000
   86,    17, -.3000
   86,    18, -.8000
   86,    19, -.7000
   86,    20, -.9000

   87,     1, .9000
   87,     2, .7000
   87,     3, .5000
   87,     4, .2000
   87,     5, .1000
   87,     6, .1000
   87,     7, .1000
   87,     8, -.2000
   87,     9, .2000
   87,    10, .4000
   87,    11, -.2000
   87,    12, -.4000
   87,    13, -.4000
   87,    14, -.4000
   87,    15, -.1000
   87,    16, -.2000
   87,    17, .1000
   87,    18, -.9000
   87,    19, -.8000
   87,    20, -1.0000

   88,     1, .9000
   88,     2, .7000
   88,     3, .2000
   88,     4, .4000
   88,     5, .4000
   88,     6, .5000
   88,     7, .1000
   88,     8, -.2000
   88,     9, .0000
   88,    10, .1000
   88,    11, -.1000
   88,    12, -.1000
   88,    13, -.3000
   88,    14, -.7000
   88,    15, -.7000
   88,    16, -.4000
   88,    17, -.3000
   88,    18, -.8000
   88,    19, -.9000
   88,    20, -1.0000

   89,     1, .8000
   89,     2, .7000
   89,     3, .3000
   89,     4, .3000
   89,     5, .5000
   89,     6, .4000
   89,     7, .2000
   89,     8, -.4000
   89,     9, .0000
   89,    10, .0000
   89,    11, -.1000
   89,    12, -.4000
   89,    13, -.5000
   89,    14, -.8000
   89,    15, -.6000
   89,    16, -.5000
   89,    17, -.7000
   89,    18, -.8000
   89,    19, -.9000
   89,    20, -.8000

   90,     1, .9000
   90,     2, .8000
   90,     3, .6000
   90,     4, .4000
   90,     5, .5000
   90,     6, .0000
   90,     7, .3000
   90,     8, .1000
   90,     9, -.1000
   90,    10, -.2000
   90,    11, -.3000
   90,    12, -.1000
   90,    13, -.5000
   90,    14, -1.0000
   90,    15, -.6000
   90,    16, -.6000
   90,    17, -.6000
   90,    18, -.4000
   90,    19, -.8000
   90,    20, -.9000

   91,     1, .7000
   91,     2, 1.0000
   91,     3, .5000
   91,     4, .5000
   91,     5, .6000
   91,     6, .4000
   91,     7, .3000
   91,     8, .4000
   91,     9, -.2000
   91,    10, .0000
   91,    11, -.4000
   91,    12, -.2000
   91,    13, -.5000
   91,    14, -.4000
   91,    15, -.4000
   91,    16, -.7000
   91,    17, -.4000
   91,    18, -.7000
   91,    19, -.5000
   91,    20, -.9000

   92,     1, .7000
   92,     2, .9000
   92,     3, .5000
   92,     4, .7000
   92,     5, .3000
   92,     6, .3000
   92,     7, .2000
   92,     8, .6000
   92,     9, .0000
   92,    10, -.1000
   92,    11, -.3000
   92,    12, -.3000
   92,    13, -.6000
   92,    14, -.6000
   92,    15, -.6000
   92,    16, -.6000
   92,    17, -.5000
   92,    18, -.4000
   92,    19, -.5000
   92,    20, -.9000

   93,     1, .5000
   93,     2, .7000
   93,     3, .8000
   93,     4, .5000
   93,     5, .4000
   93,     6, .3000
   93,     7, .2000
   93,     8, .2000
   93,     9, .1000
   93,    10, -.1000
   93,    11, -.3000
   93,    12, -.5000
   93,    13, -.3000
   93,    14, -.5000
   93,    15, -.3000
   93,    16, -.5000
   93,    17, -.2000
   93,    18, -.5000
   93,    19, -.9000
   93,    20, -.9000

   94,     1, .9000
   94,     2, .7000
   94,     3, .7000
   94,     4, .3000
   94,     5, .3000
   94,     6, .4000
   94,     7, .3000
   94,     8, .0000
   94,     9, .0000
   94,    10, -.1000
   94,    11, -.5000
   94,    12, -.4000
   94,    13, -.5000
   94,    14, -.1000
   94,    15, -.1000
   94,    16, -.1000
   94,    17, .0000
   94,    18, -.5000
   94,    19, -.9000
   94,    20, -1.0000

   95,     1, .9000
   95,     2, .7000
   95,     3, .4000
   95,     4, .4000
   95,     5, .4000
   95,     6, .3000
   95,     7, .5000
   95,     8, -.1000
   95,     9, .4000
   95,    10, .0000
   95,    11, -.3000
   95,    12, -.2000
   95,    13, -.3000
   95,    14, -.3000
   95,    15, -.1000
   95,    16, -.1000
   95,    17, -.2000
   95,    18, -.2000
   95,    19, -.6000
   95,    20, -1.0000

   96,     1, .6000
   96,     2, .8000
   96,     3, .6000
   96,     4, .5000
   96,     5, .2000
   96,     6, .6000
   96,     7, .6000
   96,     8, .5000
   96,     9, .4000
   96,    10, .1000
   96,    11, .0000
   96,    12, .2000
   96,    13, -.3000
   96,    14, -.4000
   96,    15, -.3000
   96,    16, -.1000
   96,    17, -.1000
   96,    18, -.7000
   96,    19, -.8000
   96,    20, -1.0000

   97,     1, .8000
   97,     2, .6000
   97,     3, .5000
   97,     4, .4000
   97,     5, .4000
   97,     6, .5000
   97,     7, .5000
   97,     8, .6000
   97,     9, .5000
   97,    10, .1000
   97,    11, .2000
   97,    12, .1000
   97,    13, .0000
   97,    14, -.5000
   97,    15, -.6000
   97,    16, -.3000
   97,    17, -.6000
   97,    18, -.5000
   97,    19, -.6000
   97,    20, -.9000

   98,     1, .6000
   98,     2, .7000
   98,     3, .9000
   98,     4, .9000
   98,     5, .5000
   98,     6, .6000
   98,     7, .4000
   98,     8, .5000
   98,     9, .2000
   98,    10, .2000
   98,    11, .3000
   98,    12, .1000
   98,    13, -.1000
   98,    14, -.4000
   98,    15, -.5000
   98,    16, -.3000
   98,    17, -.6000
   98,    18, -.5000
   98,    19, -.5000
   98,    20, -.8000

   99,     1, .8000
   99,     2, .6000
   99,     3, .7000
   99,     4, .6000
   99,     5, .8000
   99,     6, .7000
   99,     7, .4000
   99,     8, .2000
   99,     9, -.2000
   99,    10, -.2000
   99,    11, .4000
   99,    12, .0000
   99,    13, -.3000
   99,    14, -.2000
   99,    15, -.2000
   99,    16, -.6000
   99,    17, -.7000
   99,    18, -.6000
   99,    19, -.7000
   99,    20, -.8000

  100,     1, .9000
  100,     2, .7000
  100,     3, .7000
  100,     4, .6000
  100,     5, .4000
  100,     6, .4000
  100,     7, .2000
  100,     8, .5000
  100,     9, .0000
  100,    10, -.1000
  100,    11, .4000
  100,    12, .2000
  100,    13, -.1000
  100,    14, .0000
  100,    15, -.3000
  100,    16, -.3000
  100,    17, -.4000
  100,    18, -.4000
  100,    19, -.3000
  100,    20, -.8000

  101,     1, .8000
  101,     2, .6000
  101,     3, .6000
  101,     4, .4000
  101,     5, .5000
  101,     6, .6000
  101,     7, .3000
  101,     8, .3000
  101,     9, .2000
  101,    10, .0000
  101,    11, .1000
  101,    12, -.1000
  101,    13, -.1000
  101,    14, .0000
  101,    15, .0000
  101,    16, .1000
  101,    17, -.2000
  101,    18, -.6000
  101,    19, -.6000
  101,    20, -.5000

  102,     1, .8000
  102,     2, .4000
  102,     3, .1000
  102,     4, .3000
  102,     5, .3000
  102,     6, .2000
  102,     7, .3000
  102,     8, .4000
  102,     9, .1000
  102,    10, -.2000
  102,    11, -.2000
  102,    12, -.5000
  102,    13, -.3000
  102,    14, .3000
  102,    15, .0000
  102,    16, -.1000
  102,    17, -.3000
  102,    18, -.5000
  102,    19, -.6000
  102,    20, -.6000

  103,     1, .4000
  103,     2, .4000
  103,     3, .4000
  103,     4, .5000
  103,     5, .2000
  103,     6, .2000
  103,     7, .2000
  103,     8, .2000
  103,     9, .1000
  103,    10, -.4000
  103,    11, .0000
  103,    12, -.6000
  103,    13, .1000
  103,    14, .4000
  103,    15, .1000
  103,    16, -.2000
  103,    17, -.1000
  103,    18, -.2000
  103,    19, -.5000
  103,    20, -.8000

  104,     1, .5000
  104,     2, .4000
  104,     3, .7000
  104,     4, .6000
  104,     5, .4000
  104,     6, .2000
  104,     7, .1000
  104,     8, .2000
  104,     9, .7000
  104,    10, .0000
  104,    11, -.3000
  104,    12, -.2000
  104,    13, -.1000
  104,    14, .4000
  104,    15, .2000
  104,    16, .3000
  104,    17, -.2000
  104,    18, -.2000
  104,    19, -.5000
  104,    20, -.8000

  105,     1, .5000
  105,     2, .5000
  105,     3, .8000
  105,     4, .4000
  105,     5, .4000
  105,     6, .4000
  105,     7, .2000
  105,     8, .4000
  105,     9, .4000
  105,    10, -.2000
  105,    11, -.2000
  105,    12, -.1000
  105,    13, .1000
  105,    14, .1000
  105,    15, .6000
  105,    16, .0000
  105,    17, -.3000
  105,    18, -.3000
  105,    19, -.4000
  105,    20, -.5000

  106,     1, .7000
  106,     2, .8000
  106,     3, .8000
  106,     4, .6000
  106,     5, .7000
  106,     6, .4000
  106,     7, .2000
  106,     8, .4000
  106,     9, .2000
  106,    10, -.3000
  106,    11, -.3000
  106,    12, -.3000
  106,    13, -.2000
  106,    14, .1000
  106,    15, .3000
  106,    16, -.2000
  106,    17, -.5000
  106,    18, -.5000
  106,    19, -.4000
  106,    20, -.5000

  107,     1, 1.0000
  107,     2, 1.0000
  107,     3, .7000
  107,     4, .8000
  107,     5, .4000
  107,     6, .3000
  107,     7, .2000
  107,     8, .4000
  107,     9, -.2000
  107,    10, -.3000
  107,    11, -.5000
  107,    12, -.7000
  107,    13, -.4000
  107,    14, .3000
  107,    15, -.1000
  107,    16, -.3000
  107,    17, -.4000
  107,    18, -.5000
  107,    19, -.4000
  107,    20, -.7000

  108,     1, 1.0000
  108,     2, 1.0000
  108,     3, .8000
  108,     4, .7000
  108,     5, .7000
  108,     6, .3000
  108,     7, .2000
  108,     8, .4000
  108,     9, -.1000
  108,    10, -.2000
  108,    11, -.6000
  108,    12, -.7000
  108,    13, -.8000
  108,    14, .1000
  108,    15, -.3000
  108,    16, -.4000
  108,    17, -.6000
  108,    18, -.5000
  108,    19, -.3000
  108,    20, -.6000

  109,     1, .8000
  109,     2, .9000
  109,     3, .8000
  109,     4, .6000
  109,     5, .7000
  109,     6, .1000
  109,     7, .2000
  109,     8, .1000
  109,     9, .0000
  109,    10, .0000
  109,    11, -.8000
  109,    12, -.8000
  109,    13, -.9000
  109,    14, .0000
  109,    15, -.2000
  109,    16, -.5000
  109,    17, -.4000
  109,    18, -.4000
  109,    19, -.2000
  109,    20, -.4000

  110,     1, .9000
  110,     2, 1.0000
  110,     3, .7000
  110,     4, .6000
  110,     5, .2000
  110,     6, .1000
  110,     7, .2000
  110,     8, -.1000
  110,     9, -.2000
  110,    10, .2000
  110,    11, -.3000
  110,    12, -.5000
  110,    13, -.8000
  110,    14, -.2000
  110,    15, -.3000
  110,    16, -.3000
  110,    17, -.5000
  110,    18, -.5000
  110,    19, .2000
  110,    20, -.2000

  111,     1, .9000
  111,     2, .8000
  111,     3, .4000
  111,     4, .6000
  111,     5, .3000
  111,     6, .0000
  111,     7, .1000
  111,     8, .1000
  111,     9, .1000
  111,    10, .2000
  111,    11, .1000
  111,    12, -.3000
  111,    13, -.2000
  111,    14, -.2000
  111,    15, .0000
  111,    16, -.3000
  111,    17, -.3000
  111,    18, -.4000
  111,    19, .0000
  111,    20, -.2000

  112,     1, .7000
  112,     2, .9000
  112,     3, .7000
  112,     4, .8000
  112,     5, .6000
  112,     6, .3000
  112,     7, -.2000
  112,     8, .1000
  112,     9, .0000
  112,    10, -.3000
  112,    11, .0000
  112,    12, .2000
  112,    13, -.2000
  112,    14, -.1000
  112,    15, -.3000
  112,    16, -.2000
  112,    17, .2000
  112,    18, .0000
  112,    19, .1000
  112,    20, .1000

  113,     1, .8000
  113,     2, .9000
  113,     3, .6000
  113,     4, .6000
  113,     5, .7000
  113,     6, .5000
  113,     7, .2000
  113,     8, -.2000
  113,     9, -.3000
  113,    10, -.3000
  113,    11, -.2000
  113,    12, .4000
  113,    13, -.2000
  113,    14, .2000
  113,    15, .0000
  113,    16, .2000
  113,    17, .5000
  113,    18, .6000
  113,    19, .3000
  113,    20, -.5000

  114,     1, .7000
  114,     2, .9000
  114,     3, .7000
  114,     4, .9000
  114,     5, 1.0000
  114,     6, .5000
  114,     7, .3000
  114,     8, .0000
  114,     9, .4000
  114,    10, -.5000
  114,    11, .4000
  114,    12, .6000
  114,    13, .1000
  114,    14, .5000
  114,    15, -.1000
  114,    16, .1000
  114,    17, .3000
  114,    18, .6000
  114,    19, .3000
  114,    20, -.4000

  115,     1, .9000
  115,     2, 1.0000
  115,     3, .4000
  115,     4, .8000
  115,     5, .8000
  115,     6, .6000
  115,     7, .2000
  115,     8, -.3000
  115,     9, .0000
  115,    10, -.2000
  115,    11, .2000
  115,    12, .0000
  115,    13, .2000
  115,    14, .3000
  115,    15, .1000
  115,    16, .0000
  115,    17, .2000
  115,    18, .6000
  115,    19, .0000
  115,    20, -.3000

  116,     1, 1.0000
  116,     2, .9000
  116,     3, .7000
  116,     4, .6000
  116,     5, .7000
  116,     6, .2000
  116,     7, .1000
  116,     8, -.2000
  116,     9, -.2000
  116,    10, .2000
  116,    11, .0000
  116,    12, .0000
  116,    13, .1000
  116,    14, .3000
  116,    15, .3000
  116,    16, .0000
  116,    17, .2000
  116,    18, .4000
  116,    19, .1000
  116,    20, -.2000

  117,     1, .8000
  117,     2, .9000
  117,     3, .5000
  117,     4, .5000
  117,     5, .6000
  117,     6, .7000
  117,     7, -.1000
  117,     8, -.1000
  117,     9, .2000
  117,    10, .7000
  117,    11, .2000
  117,    12, .2000
  117,    13, .1000
  117,    14, .3000
  117,    15, .3000
  117,    16, .0000
  117,    17, .7000
  117,    18, .6000
  117,    19, -.3000
  117,    20, -.7000

  118,     1, .9000
  118,     2, .9000
  118,     3, .6000
  118,     4, .5000
  118,     5, .5000
  118,     6, .7000
  118,     7, .2000
  118,     8, .0000
  118,     9, .1000
  118,    10, .6000
  118,    11, .5000
  118,    12, .1000
  118,    13, .2000
  118,    14, .4000
  118,    15, -.1000
  118,    16, .6000
  118,    17, .7000
  118,    18, .6000
  118,    19, -.2000
  118,    20, -.7000

  119,     1, .6000
  119,     2, .9000
  119,     3, .7000
  119,     4, .2000
  119,     5, .5000
  119,     6, .7000
  119,     7, .2000
  119,     8, .4000
  119,     9, .1000
  119,    10, .4000
  119,    11, .8000
  119,    12, .5000
  119,    13, .3000
  119,    14, .0000
  119,    15, .0000
  119,    16, .4000
  119,    17, .6000
  119,    18, .3000
  119,    19, -.1000
  119,    20, -.5000

  120,     1, .7000
  120,     2, .7000
  120,     3, .7000
  120,     4, .6000
  120,     5, .8000
  120,     6, .4000
  120,     7, .2000
  120,     8, .6000
  120,     9, .1000
  120,    10, .3000
  120,    11, .7000
  120,    12, .5000
  120,    13, .3000
  120,    14, .5000
  120,    15, .6000
  120,    16, .7000
  120,    17, 1.0000
  120,    18, .4000
  120,    19, .2000
  120,    20, -.7000

  121,     1, .7000
  121,     2, .8000
  121,     3, .7000
  121,     4, .6000
  121,     5, .7000
  121,     6, .4000
  121,     7, .5000
  121,     8, .6000
  121,     9, .6000
  121,    10, .4000
  121,    11, .8000
  121,    12, .8000
  121,    13, .4000
  121,    14, .5000
  121,    15, .8000
  121,    16, .9000
  121,    17, .8000
  121,    18, .3000
  121,    19, .0000
  121,    20, -.6000

  122,     1, .8000
  122,     2, .7000
  122,     3, .9000
  122,     4, .4000
  122,     5, .6000
  122,     6, .5000
  122,     7, .5000
  122,     8, .7000
  122,     9, .4000
  122,    10, .2000
  122,    11, .6000
  122,    12, .3000
  122,    13, .5000
  122,    14, .7000
  122,    15, .7000
  122,    16, .5000
  122,    17, .7000
  122,    18, .3000
  122,    19, .1000
  122,    20, -.4000

  123,     1, .9000
  123,     2, .9000
  123,     3, .9000
  123,     4, .8000
  123,     5, .7000
  123,     6, .7000
  123,     7, .7000
  123,     8, .4000
  123,     9, .3000
  123,    10, -.1000
  123,    11, .3000
  123,    12, .6000
  123,    13, .6000
  123,    14, .5000
  123,    15, .9000
  123,    16, .6000
  123,    17, .7000
  123,    18, .3000
  123,    19, .2000
  123,    20, -.2000

  124,     1, .9000
  124,     2, .9000
  124,     3, .9000
  124,     4, .8000
  124,     5, .9000
  124,     6, 1.0000
  124,     7, .7000
  124,     8, .3000
  124,     9, .3000
  124,    10, .1000
  124,    11, .1000
  124,    12, .6000
  124,    13, .5000
  124,    14, .7000
  124,    15, 1.0000
  124,    16, .7000
  124,    17, .5000
  124,    18, .3000
  124,    19, .1000
  124,    20, -.5000

  125,     1, 1.0000
  125,     2, .9000
  125,     3, .8000
  125,     4, .5000
  125,     5, 1.0000
  125,     6, .9000
  125,     7, .5000
  125,     8, .6000
  125,     9, .1000
  125,    10, .1000
  125,    11, .6000
  125,    12, .7000
  125,    13, .9000
  125,    14, .7000
  125,    15, 1.0000
  125,    16, .5000
  125,    17, .6000
  125,    18, .4000
  125,    19, .1000
  125,    20, -.5000

  126,     1, .9000
  126,     2, 1.0000
  126,     3, .6000
  126,     4, .5000
  126,     5, 1.0000
  126,     6, .8000
  126,     7, .5000
  126,     8, .5000
  126,     9, .1000
  126,    10, .5000
  126,    11, .7000
  126,    12, .7000
  126,    13, .9000
  126,    14, .9000
  126,    15, .9000
  126,    16, 1.0000
  126,    17, .5000
  126,    18, .5000
  126,    19, -.1000
  126,    20, .0000

  127,     1, 1.0000
  127,     2, .9000
  127,     3, .9000
  127,     4, .6000
  127,     5, 1.0000
  127,     6, 1.0000
  127,     7, .7000
  127,     8, .5000
  127,     9, .0000
  127,    10, .7000
  127,    11, .6000
  127,    12, .6000
  127,    13, .9000
  127,    14, .6000
  127,    15, .9000
  127,    16, .7000
  127,    17, .4000
  127,    18, .0000
  127,    19, -.3000
  127,    20, -.4000

  128,     1, .9000
  128,     2, 1.0000
  128,     3, 1.0000
  128,     4, .9000
  128,     5, .9000
  128,     6, .9000
  128,     7, .7000
  128,     8, .7000
  128,     9, .7000
  128,    10, .6000
  128,    11, .4000
  128,    12, .9000
  128,    13, 1.0000
  128,    14, .7000
  128,    15, 1.0000
  128,    16, .7000
  128,    17, .6000
  128,    18, .0000
  128,    19, -.2000
  128,    20, -.3000

  129,     1, 1.0000
  129,     2, 1.0000
  129,     3, 1.0000
  129,     4, .8000
  129,     5, .8000
  129,     6, .9000
  129,     7, .7000
  129,     8, .7000
  129,     9, .5000
  129,    10, .5000
  129,    11, .6000
  129,    12, .9000
  129,    13, .9000
  129,    14, .8000
  129,    15, 1.0000
  129,    16, .8000
  129,    17, .4000
  129,    18, .3000
  129,    19, .0000
  129,    20, -.7000

  130,     1, 1.0000
  130,     2, 1.0000
  130,     3, .9000
  130,     4, 1.0000
  130,     5, .9000
  130,     6, .8000
  130,     7, .6000
  130,     8, .5000
  130,     9, .6000
  130,    10, .8000
  130,    11, .8000
  130,    12, .8000
  130,    13, .9000
  130,    14, .9000
  130,    15, .6000
  130,    16, .5000
  130,    17, .4000
  130,    18, .2000
  130,    19, .2000
  130,    20, -.1000

  131,     1, 1.0000
  131,     2, 1.0000
  131,     3, .8000
  131,     4, 1.0000
  131,     5, 1.0000
  131,     6, .7000
  131,     7, .6000
  131,     8, .6000
  131,     9, .6000
  131,    10, .6000
  131,    11, .6000
  131,    12, .5000
  131,    13, .7000
  131,    14, .8000
  131,    15, .6000
  131,    16, .4000
  131,    17, .4000
  131,    18, .1000
  131,    19, .1000
  131,    20, -.4000

  132,     1, 1.0000
  132,     2, 1.0000
  132,     3, 1.0000
  132,     4, .9000
  132,     5, .6000
  132,     6, .7000
  132,     7, .7000
  132,     8, .6000
  132,     9, .7000
  132,    10, .7000
  132,    11, .7000
  132,    12, .7000
  132,    13, .7000
  132,    14, .6000
  132,    15, .6000
  132,    16, .2000
  132,    17, .2000
  132,    18, .0000
  132,    19, .2000
  132,    20, -.1000

  133,     1, .7000
  133,     2, 1.0000
  133,     3, .9000
  133,     4, 1.0000
  133,     5, .8000
  133,     6, .6000
  133,     7, .5000
  133,     8, .9000
  133,     9, .8000
  133,    10, .7000
  133,    11, .7000
  133,    12, .6000
  133,    13, .6000
  133,    14, .7000
  133,    15, .6000
  133,    16, .7000
  133,    17, .1000
  133,    18, -.2000
  133,    19, .0000
  133,    20, .0000

  134,     1, .8000
  134,     2, 1.0000
  134,     3, .7000
  134,     4, 1.0000
  134,     5, .7000
  134,     6, .7000
  134,     7, .7000
  134,     8, .4000
  134,     9, .8000
  134,    10, .5000
  134,    11, .4000
  134,    12, .1000
  134,    13, .1000
  134,    14, .4000
  134,    15, .7000
  134,    16, .7000
  134,    17, .2000
  134,    18, -.2000
  134,    19, .0000
  134,    20, -.2000

  135,     1, .7000
  135,     2, .7000
  135,     3, .7000
  135,     4, .8000
  135,     5, .8000
  135,     6, .3000
  135,     7, .3000
  135,     8, .6000
  135,     9, .5000
  135,    10, .2000
  135,    11, .2000
  135,    12, .1000
  135,    13, -.1000
  135,    14, -.1000
  135,    15, .4000
  135,    16, .8000
  135,    17, .2000
  135,    18, .0000
  135,    19, -.1000
  135,    20, -.3000

  136,     1, .8000
  136,     2, .8000
  136,     3, .9000
  136,     4, .7000
  136,     5, .5000
  136,     6, .7000
  136,     7, .6000
  136,     8, .5000
  136,     9, .1000
  136,    10, .4000
  136,    11, .1000
  136,    12, -.2000
  136,    13, -.1000
  136,    14, .2000
  136,    15, .7000
  136,    16, .3000
  136,    17, .2000
  136,    18, -.1000
  136,    19, -.1000
  136,    20, -.2000

  137,     1, 1.0000
  137,     2, 1.0000
  137,     3, .9000
  137,     4, 1.0000
  137,     5, .9000
  137,     6, .5000
  137,     7, .6000
  137,     8, .4000
  137,     9, .6000
  137,    10, .6000
  137,    11, .2000
  137,    12, -.4000
  137,    13, -.2000
  137,    14, .0000
  137,    15, .7000
  137,    16, .3000
  137,    17, .2000
  137,    18, -.1000
  137,    19, -.1000
  137,    20, -.8000

  138,     1, .9000
  138,     2, .9000
  138,     3, .9000
  138,     4, 1.0000
  138,     5, .8000
  138,     6, .5000
  138,     7, .1000
  138,     8, .1000
  138,     9, .1000
  138,    10, .4000
  138,    11, .2000
  138,    12, -.4000
  138,    13, -.2000
  138,    14, .4000
  138,    15, .4000
  138,    16, .3000
  138,    17, -.1000
  138,    18, -.3000
  138,    19, -.5000
  138,    20, -.9000

  139,     1, .9000
  139,     2, 1.0000
  139,     3, 1.0000
  139,     4, .7000
  139,     5, .8000
  139,     6, .6000
  139,     7, .1000
  139,     8, .5000
  139,     9, .6000
  139,    10, .4000
  139,    11, -.2000
  139,    12, -.1000
  139,    13, .0000
  139,    14, .2000
  139,    15, .4000
  139,    16, .4000
  139,    17, .2000
  139,    18, -.1000
  139,    19, -.4000
  139,    20, -.9000

  140,     1, 1.0000
  140,     2, 1.0000
  140,     3, .9000
  140,     4, .6000
  140,     5, .9000
  140,     6, .8000
  140,     7, .4000
  140,     8, .2000
  140,     9, .5000
  140,    10, .4000
  140,    11, -.1000
  140,    12, .1000
  140,    13, .2000
  140,    14, .4000
  140,    15, .0000
  140,    16, .4000
  140,    17, .3000
  140,    18, .4000
  140,    19, -.7000
  140,    20, -.8000

  141,     1, 1.0000
  141,     2, .9000
  141,     3, 1.0000
  141,     4, .6000
  141,     5, .7000
  141,     6, .8000
  141,     7, .4000
  141,     8, .5000
  141,     9, .2000
  141,    10, .2000
  141,    11, -.3000
  141,    12, .2000
  141,    13, .4000
  141,    14, .2000
  141,    15, .0000
  141,    16, .3000
  141,    17, .2000
  141,    18, .1000
  141,    19, -.6000
  141,    20, -1.0000

  142,     1, .8000
  142,     2, .9000
  142,     3, .9000
  142,     4, .8000
  142,     5, .7000
  142,     6, .6000
  142,     7, .5000
  142,     8, .9000
  142,     9, .9000
  142,    10, .5000
  142,    11, .0000
  142,    12, -.1000
  142,    13, .0000
  142,    14, .1000
  142,    15, .3000
  142,    16, .3000
  142,    17, .2000
  142,    18, -.1000
  142,    19, -.2000
  142,    20, -.6000

  143,     1, .9000
  143,     2, 1.0000
  143,     3, .9000
  143,     4, .7000
  143,     5, .8000
  143,     6, .7000
  143,     7, .8000
  143,     8, 1.0000
  143,     9, .9000
  143,    10, .8000
  143,    11, -.2000
  143,    12, -.1000
  143,    13, .3000
  143,    14, .0000
  143,    15, .1000
  143,    16, .2000
  143,    17, .2000
  143,    18, .1000
  143,    19, -.1000
  143,    20, -.4000

  144,     1, 1.0000
  144,     2, .9000
  144,     3, .7000
  144,     4, .6000
  144,     5, .8000
  144,     6, .7000
  144,     7, 1.0000
  144,     8, .9000
  144,     9, .8000
  144,    10, .6000
  144,    11, -.6000
  144,    12, -.2000
  144,    13, .1000
  144,    14, .0000
  144,    15, .3000
  144,    16, -.2000
  144,    17, .0000
  144,    18, .2000
  144,    19, .1000
  144,    20, -.5000

  145,     1, .9000
  145,     2, 1.0000
  145,     3, .9000
  145,     4, .3000
  145,     5, .7000
  145,     6, .7000
  145,     7, .8000
  145,     8, .9000
  145,     9, 1.0000
  145,    10, .5000
  145,    11, .2000
  145,    12, -.5000
  145,    13, -.1000
  145,    14, .0000
  145,    15, .1000
  145,    16, -.3000
  145,    17, .2000
  145,    18, .2000
  145,    19, -.4000
  145,    20, -.6000

  146,     1, .9000
  146,     2, 1.0000
  146,     3, .9000
  146,     4, .6000
  146,     5, .8000
  146,     6, .8000
  146,     7, .7000
  146,     8, .8000
  146,     9, 1.0000
  146,    10, .6000
  146,    11, -.1000
  146,    12, .1000
  146,    13, -.1000
  146,    14, .1000
  146,    15, -.1000
  146,    16, -.3000
  146,    17, -.4000
  146,    18, .0000
  146,    19, -.4000
  146,    20, -.4000

  147,     1, .8000
  147,     2, .9000
  147,     3, .8000
  147,     4, .6000
  147,     5, .8000
  147,     6, .7000
  147,     7, .6000
  147,     8, .8000
  147,     9, .6000
  147,    10, .5000
  147,    11, .1000
  147,    12, .1000
  147,    13, .4000
  147,    14, .3000
  147,    15, -.1000
  147,    16, -.1000
  147,    17, -.3000
  147,    18, -.1000
  147,    19, -.3000
  147,    20, -.5000

  148,     1, .8000
  148,     2, .8000
  148,     3, .5000
  148,     4, .6000
  148,     5, .9000
  148,     6, .7000
  148,     7, .5000
  148,     8, .5000
  148,     9, .8000
  148,    10, .6000
  148,    11, .2000
  148,    12, .3000
  148,    13, .4000
  148,    14, .3000
  148,    15, .4000
  148,    16, .1000
  148,    17, -.1000
  148,    18, -.3000
  148,    19, -.5000
  148,    20, -.7000

  149,     1, .8000
  149,     2, .7000
  149,     3, .9000
  149,     4, 1.0000
  149,     5, .8000
  149,     6, .7000
  149,     7, .4000
  149,     8, .6000
  149,     9, .5000
  149,    10, .7000
  149,    11, .0000
  149,    12, .0000
  149,    13, .3000
  149,    14, .1000
  149,    15, .4000
  149,    16, .4000
  149,    17, -.2000
  149,    18, -.4000
  149,    19, -.7000
  149,    20, -.6000

  150,     1, .7000
  150,     2, .7000
  150,     3, .8000
  150,     4, .6000
  150,     5, .8000
  150,     6, .8000
  150,     7, .6000
  150,     8, .3000
  150,     9, .5000
  150,    10, .9000
  150,    11, .1000
  150,    12, -.4000
  150,    13, -.1000
  150,    14, .0000
  150,    15, .6000
  150,    16, .5000
  150,    17, -.1000
  150,    18, -.8000
  150,    19, -1.0000
  150,    20, -.9000

  151,     1, .7000
  151,     2, .7000
  151,     3, .7000
  151,     4, 1.0000
  151,     5, .6000
  151,     6, .7000
  151,     7, .4000
  151,     8, .4000
  151,     9, .3000
  151,    10, .8000
  151,    11, .3000
  151,    12, -.1000
  151,    13, -.4000
  151,    14, -.3000
  151,    15, .6000
  151,    16, .4000
  151,    17, .0000
  151,    18, -.9000
  151,    19, -1.0000
  151,    20, -.9000

  152,     1, .9000
  152,     2, 1.0000
  152,     3, .8000
  152,     4, .7000
  152,     5, .8000
  152,     6, .8000
  152,     7, .5000
  152,     8, .3000
  152,     9, .6000
  152,    10, .7000
  152,    11, .3000
  152,    12, .1000
  152,    13, .1000
  152,    14, -.2000
  152,    15, .5000
  152,    16, .4000
  152,    17, .1000
  152,    18, -.6000
  152,    19, -1.0000
  152,    20, -.9000

  153,     1, .8000
  153,     2, .8000
  153,     3, .7000
  153,     4, .9000
  153,     5, .9000
  153,     6, .8000
  153,     7, .9000
  153,     8, .3000
  153,     9, .5000
  153,    10, 1.0000
  153,    11, .8000
  153,    12, .3000
  153,    13, .2000
  153,    14, .1000
  153,    15, .3000
  153,    16, .5000
  153,    17, -.3000
  153,    18, -.3000
  153,    19, -.7000
  153,    20, -.9000

  154,     1, .8000
  154,     2, .7000
  154,     3, .7000
  154,     4, .7000
  154,     5, .8000
  154,     6, 1.0000
  154,     7, 1.0000
  154,     8, .8000
  154,     9, .8000
  154,    10, .9000
  154,    11, .7000
  154,    12, .6000
  154,    13, .5000
  154,    14, .3000
  154,    15, .2000
  154,    16, .5000
  154,    17, .1000
  154,    18, -.6000
  154,    19, -.6000
  154,    20, -.9000

  155,     1, .8000
  155,     2, .7000
  155,     3, .7000
  155,     4, .6000
  155,     5, .8000
  155,     6, .8000
  155,     7, 1.0000
  155,     8, .9000
  155,     9, .8000
  155,    10, .7000
  155,    11, .5000
  155,    12, .7000
  155,    13, .5000
  155,    14, .2000
  155,    15, .3000
  155,    16, .6000
  155,    17, -.3000
  155,    18, -.5000
  155,    19, -.7000
  155,    20, -.6000

  156,     1, .6000
  156,     2, .7000
  156,     3, .8000
  156,     4, .4000
  156,     5, .7000
  156,     6, .8000
  156,     7, .8000
  156,     8, .8000
  156,     9, 1.0000
  156,    10, .8000
  156,    11, .4000
  156,    12, .6000
  156,    13, .4000
  156,    14, .5000
  156,    15, .3000
  156,    16, .3000
  156,    17, -.3000
  156,    18, -.5000
  156,    19, -.5000
  156,    20, -.7000

  157,     1, .9000
  157,     2, .7000
  157,     3, .3000
  157,     4, .4000
  157,     5, .4000
  157,     6, 1.0000
  157,     7, .8000
  157,     8, .8000
  157,     9, .9000
  157,    10, .5000
  157,    11, .5000
  157,    12, .5000
  157,    13, .4000
  157,    14, .4000
  157,    15, .6000
  157,    16, .0000
  157,    17, -.1000
  157,    18, -.4000
  157,    19, -.6000
  157,    20, -.8000

  158,     1, .8000
  158,     2, .5000
  158,     3, .6000
  158,     4, .6000
  158,     5, .3000
  158,     6, .7000
  158,     7, 1.0000
  158,     8, .9000
  158,     9, 1.0000
  158,    10, .8000
  158,    11, .3000
  158,    12, .4000
  158,    13, .3000
  158,    14, .2000
  158,    15, .7000
  158,    16, .2000
  158,    17, -.1000
  158,    18, -.3000
  158,    19, -.8000
  158,    20, -.9000

  159,     1, .9000
  159,     2, .5000
  159,     3, .6000
  159,     4, .5000
  159,     5, .0000
  159,     6, .8000
  159,     7, .6000
  159,     8, .8000
  159,     9, .8000
  159,    10, .7000
  159,    11, .6000
  159,    12, .0000
  159,    13, .3000
  159,    14, .8000
  159,    15, .6000
  159,    16, .0000
  159,    17, -.1000
  159,    18, -.3000
  159,    19, -.7000
  159,    20, -.7000

  160,     1, .9000
  160,     2, .4000
  160,     3, .3000
  160,     4, .3000
  160,     5, .3000
  160,     6, .7000
  160,     7, .6000
  160,     8, .9000
  160,     9, .8000
  160,    10, .6000
  160,    11, .5000
  160,    12, -.1000
  160,    13, .6000
  160,    14, .6000
  160,    15, .7000
  160,    16, .6000
  160,    17, .0000
  160,    18, -.3000
  160,    19, -.5000
  160,    20, -.6000

  161,     1, 1.0000
  161,     2, .6000
  161,     3, .6000
  161,     4, .3000
  161,     5, .5000
  161,     6, .7000
  161,     7, .9000
  161,     8, .8000
  161,     9, .6000
  161,    10, .5000
  161,    11, .7000
  161,    12, .3000
  161,    13, .3000
  161,    14, .8000
  161,    15, .6000
  161,    16, .6000
  161,    17, .1000
  161,    18, -.2000
  161,    19, .2000
  161,    20, -.5000

  162,     1, 1.0000
  162,     2, .8000
  162,     3, .4000
  162,     4, .4000
  162,     5, .6000
  162,     6, .6000
  162,     7, 1.0000
  162,     8, .9000
  162,     9, .9000
  162,    10, .4000
  162,    11, .5000
  162,    12, .3000
  162,    13, .5000
  162,    14, .7000
  162,    15, .8000
  162,    16, .9000
  162,    17, .5000
  162,    18, -.6000
  162,    19, .0000
  162,    20, -.6000

  163,     1, .8000
  163,     2, .8000
  163,     3, .2000
  163,     4, .0000
  163,     5, .7000
  163,     6, .9000
  163,     7, .7000
  163,     8, .8000
  163,     9, .9000
  163,    10, .5000
  163,    11, .6000
  163,    12, .6000
  163,    13, .7000
  163,    14, .7000
  163,    15, .4000
  163,    16, .6000
  163,    17, .1000
  163,    18, -.2000
  163,    19, -.5000
  163,    20, -.8000

  164,     1, .9000
  164,     2, .9000
  164,     3, .5000
  164,     4, -.1000
  164,     5, .7000
  164,     6, 1.0000
  164,     7, .9000
  164,     8, 1.0000
  164,     9, .6000
  164,    10, .6000
  164,    11, .8000
  164,    12, .5000
  164,    13, .5000
  164,    14, .7000
  164,    15, .2000
  164,    16, .3000
  164,    17, .1000
  164,    18, -.1000
  164,    19, -.5000
  164,    20, -.9000

  165,     1, 1.0000
  165,     2, .6000
  165,     3, .2000
  165,     4, .1000
  165,     5, .3000
  165,     6, .5000
  165,     7, .8000
  165,     8, .8000
  165,     9, 1.0000
  165,    10, .6000
  165,    11, .5000
  165,    12, .8000
  165,    13, .9000
  165,    14, .9000
  165,    15, .3000
  165,    16, .2000
  165,    17, .2000
  165,    18, -.2000
  165,    19, -.6000
  165,    20, -1.0000

  166,     1, .9000
  166,     2, .7000
  166,     3, .0000
  166,     4, -.1000
  166,     5, .4000
  166,     6, .4000
  166,     7, 1.0000
  166,     8, .8000
  166,     9, .6000
  166,    10, .4000
  166,    11, .4000
  166,    12, .8000
  166,    13, .9000
  166,    14, .8000
  166,    15, .7000
  166,    16, .6000
  166,    17, .2000
  166,    18, -.3000
  166,    19, -.5000
  166,    20, -.9000

  167,     1, .6000
  167,     2, .3000
  167,     3, .0000
  167,     4, -.2000
  167,     5, -.2000
  167,     6, .4000
  167,     7, 1.0000
  167,     8, 1.0000
  167,     9, .7000
  167,    10, .4000
  167,    11, .6000
  167,    12, 1.0000
  167,    13, .9000
  167,    14, .9000
  167,    15, .9000
  167,    16, .5000
  167,    17, .2000
  167,    18, -.2000
  167,    19, -.6000
  167,    20, -.8000

  168,     1, .7000
  168,     2, .6000
  168,     3, .0000
  168,     4, .0000
  168,     5, -.1000
  168,     6, .4000
  168,     7, .8000
  168,     8, .8000
  168,     9, .8000
  168,    10, .5000
  168,    11, .4000
  168,    12, 1.0000
  168,    13, 1.0000
  168,    14, .8000
  168,    15, .7000
  168,    16, .5000
  168,    17, .5000
  168,    18, .0000
  168,    19, -.6000
  168,    20, -.7000

  169,     1, .8000
  169,     2, -.1000
  169,     3, -.1000
  169,     4, .1000
  169,     5, .3000
  169,     6, .5000
  169,     7, .9000
  169,     8, .9000
  169,     9, 1.0000
  169,    10, .6000
  169,    11, .7000
  169,    12, .8000
  169,    13, .9000
  169,    14, .7000
  169,    15, .7000
  169,    16, .5000
  169,    17, .5000
  169,    18, .1000
  169,    19, -.3000
  169,    20, -.6000

  170,     1, .7000
  170,     2, .7000
  170,     3, .3000
  170,     4, .2000
  170,     5, .4000
  170,     6, .7000
  170,     7, .9000
  170,     8, .5000
  170,     9, .7000
  170,    10, .6000
  170,    11, .6000
  170,    12, .7000
  170,    13, .9000
  170,    14, 1.0000
  170,    15, .7000
  170,    16, .9000
  170,    17, .1000
  170,    18, -.1000
  170,    19, -.2000
  170,    20, -.5000

  171,     1, .9000
  171,     2, .8000
  171,     3, .5000
  171,     4, -.1000
  171,     5, .5000
  171,     6, .6000
  171,     7, .9000
  171,     8, .9000
  171,     9, .7000
  171,    10, .6000
  171,    11, .6000
  171,    12, .5000
  171,    13, .7000
  171,    14, 1.0000
  171,    15, .9000
  171,    16, 1.0000
  171,    17, .4000
  171,    18, .1000
  171,    19, -.1000
  171,    20, -.5000

  172,     1, .9000
  172,     2, 1.0000
  172,     3, 1.0000
  172,     4, .2000
  172,     5, .4000
  172,     6, .6000
  172,     7, 1.0000
  172,     8, 1.0000
  172,     9, .8000
  172,    10, .6000
  172,    11, .6000
  172,    12, .6000
  172,    13, .7000
  172,    14, .9000
  172,    15, .9000
  172,    16, .9000
  172,    17, .8000
  172,    18, -.2000
  172,    19, -.1000
  172,    20, -.8000

  173,     1, 1.0000
  173,     2, .9000
  173,     3, 1.0000
  173,     4, .8000
  173,     5, .7000
  173,     6, .8000
  173,     7, 1.0000
  173,     8, 1.0000
  173,     9, .8000
  173,    10, .9000
  173,    11, .6000
  173,    12, .8000
  173,    13, .4000
  173,    14, .7000
  173,    15, .9000
  173,    16, 1.0000
  173,    17, .5000
  173,    18, .1000
  173,    19, -.5000
  173,    20, -.8000

  174,     1, .9000
  174,     2, 1.0000
  174,     3, 1.0000
  174,     4, 1.0000
  174,     5, .9000
  174,     6, .7000
  174,     7, .9000
  174,     8, 1.0000
  174,     9, .8000
  174,    10, .8000
  174,    11, .6000
  174,    12, .9000
  174,    13, .7000
  174,    14, 1.0000
  174,    15, 1.0000
  174,    16, 1.0000
  174,    17, .8000
  174,    18, -.3000
  174,    19, -.6000
  174,    20, -.8000

  175,     1, 1.0000
  175,     2, .8000
  175,     3, .8000
  175,     4, 1.0000
  175,     5, 1.0000
  175,     6, .7000
  175,     7, .9000
  175,     8, .6000
  175,     9, .8000
  175,    10, .8000
  175,    11, .7000
  175,    12, .9000
  175,    13, .8000
  175,    14, .9000
  175,    15, 1.0000
  175,    16, 1.0000
  175,    17, .5000
  175,    18, .1000
  175,    19, -.6000
  175,    20, -1.0000

  176,     1, 1.0000
  176,     2, .8000
  176,     3, .7000
  176,     4, .9000
  176,     5, .6000
  176,     6, .9000
  176,     7, .9000
  176,     8, .4000
  176,     9, .8000
  176,    10, .8000
  176,    11, .7000
  176,    12, 1.0000
  176,    13, 1.0000
  176,    14, .9000
  176,    15, .9000
  176,    16, 1.0000
  176,    17, .7000
  176,    18, .3000
  176,    19, -.4000
  176,    20, -1.0000

  177,     1, 1.0000
  177,     2, .9000
  177,     3, .9000
  177,     4, .9000
  177,     5, .9000
  177,     6, 1.0000
  177,     7, .7000
  177,     8, .6000
  177,     9, .7000
  177,    10, .7000
  177,    11, .8000
  177,    12, 1.0000
  177,    13, .9000
  177,    14, .9000
  177,    15, .8000
  177,    16, .6000
  177,    17, .6000
  177,    18, .3000
  177,    19, -.4000
  177,    20, -.7000

  178,     1, .9000
  178,     2, .9000
  178,     3, .8000
  178,     4, .7000
  178,     5, .9000
  178,     6, .9000
  178,     7, .8000
  178,     8, .7000
  178,     9, .5000
  178,    10, .5000
  178,    11, .7000
  178,    12, 1.0000
  178,    13, .5000
  178,    14, .6000
  178,    15, .8000
  178,    16, .6000
  178,    17, .5000
  178,    18, .2000
  178,    19, -.3000
  178,    20, -.9000

  179,     1, .6000
  179,     2, .4000
  179,     3, .6000
  179,     4, .4000
  179,     5, .7000
  179,     6, .8000
  179,     7, 1.0000
  179,     8, .7000
  179,     9, .4000
  179,    10, .7000
  179,    11, .8000
  179,    12, 1.0000
  179,    13, .5000
  179,    14, .5000
  179,    15, .8000
  179,    16, .3000
  179,    17, .5000
  179,    18, .0000
  179,    19, -.2000
  179,    20, -.8000

  180,     1, .0000
  180,     2, .5000
  180,     3, .5000
  180,     4, .7000
  180,     5, .8000
  180,     6, .8000
  180,     7, 1.0000
  180,     8, .9000
  180,     9, .6000
  180,    10, .4000
  180,    11, .7000
  180,    12, 1.0000
  180,    13, .4000
  180,    14, .7000
  180,    15, .9000
  180,    16, .4000
  180,    17, .3000
  180,    18, -.3000
  180,    19, -.4000
  180,    20, -.8000

  181,     1, .2000
  181,     2, .5000
  181,     3, .9000
  181,     4, .9000
  181,     5, 1.0000
  181,     6, .7000
  181,     7, 1.0000
  181,     8, 1.0000
  181,     9, .7000
  181,    10, .1000
  181,    11, .5000
  181,    12, .7000
  181,    13, .5000
  181,    14, .6000
  181,    15, .7000
  181,    16, .8000
  181,    17, .2000
  181,    18, -.4000
  181,    19, -.5000
  181,    20, -.8000

  182,     1, .6000
  182,     2, .5000
  182,     3, .6000
  182,     4, .8000
  182,     5, .8000
  182,     6, .5000
  182,     7, 1.0000
  182,     8, 1.0000
  182,     9, .8000
  182,    10, .5000
  182,    11, .5000
  182,    12, .8000
  182,    13, .3000
  182,    14, .4000
  182,    15, .3000
  182,    16, .8000
  182,    17, .4000
  182,    18, -.3000
  182,    19, -.9000
  182,    20, -.8000

  183,     1, .8000
  183,     2, .6000
  183,     3, .5000
  183,     4, .7000
  183,     5, .9000
  183,     6, .7000
  183,     7, 1.0000
  183,     8, 1.0000
  183,     9, .8000
  183,    10, .7000
  183,    11, .6000
  183,    12, .7000
  183,    13, .5000
  183,    14, .2000
  183,    15, .4000
  183,    16, .3000
  183,    17, -.2000
  183,    18, -.8000
  183,    19, -.9000
  183,    20, -.8000

  184,     1, 1.0000
  184,     2, .8000
  184,     3, .6000
  184,     4, .8000
  184,     5, 1.0000
  184,     6, .8000
  184,     7, 1.0000
  184,     8, .7000
  184,     9, .8000
  184,    10, .4000
  184,    11, .8000
  184,    12, .5000
  184,    13, .5000
  184,    14, .7000
  184,    15, .8000
  184,    16, .4000
  184,    17, -.2000
  184,    18, -.7000
  184,    19, -1.0000
  184,    20, -1.0000

  185,     1, .9000
  185,     2, 1.0000
  185,     3, .7000
  185,     4, .6000
  185,     5, .8000
  185,     6, .8000
  185,     7, .9000
  185,     8, .6000
  185,     9, .6000
  185,    10, .4000
  185,    11, .7000
  185,    12, .7000
  185,    13, .7000
  185,    14, .6000
  185,    15, .5000
  185,    16, .4000
  185,    17, -.1000
  185,    18, -.7000
  185,    19, -.9000
  185,    20, -1.0000

  186,     1, 1.0000
  186,     2, .7000
  186,     3, .9000
  186,     4, .9000
  186,     5, 1.0000
  186,     6, .9000
  186,     7, .9000
  186,     8, .7000
  186,     9, .7000
  186,    10, .5000
  186,    11, .9000
  186,    12, .8000
  186,    13, .6000
  186,    14, .6000
  186,    15, .4000
  186,    16, .2000
  186,    17, -.1000
  186,    18, -.5000
  186,    19, -.8000
  186,    20, -1.0000

  187,     1, .9000
  187,     2, .9000
  187,     3, .9000
  187,     4, 1.0000
  187,     5, .9000
  187,     6, .8000
  187,     7, 1.0000
  187,     8, .9000
  187,     9, .9000
  187,    10, .5000
  187,    11, 1.0000
  187,    12, .8000
  187,    13, .4000
  187,    14, .4000
  187,    15, .5000
  187,    16, .2000
  187,    17, -.1000
  187,    18, -.3000
  187,    19, -.7000
  187,    20, -.9000

  188,     1, 1.0000
  188,     2, .8000
  188,     3, .8000
  188,     4, 1.0000
  188,     5, .9000
  188,     6, .8000
  188,     7, .8000
  188,     8, .7000
  188,     9, .6000
  188,    10, .5000
  188,    11, .9000
  188,    12, .6000
  188,    13, .7000
  188,    14, .7000
  188,    15, .3000
  188,    16, .0000
  188,    17, -.1000
  188,    18, -.6000
  188,    19, -.8000
  188,    20, -.9000

  189,     1, .9000
  189,     2, .6000
  189,     3, .8000
  189,     4, 1.0000
  189,     5, .6000
  189,     6, .6000
  189,     7, .8000
  189,     8, .5000
  189,     9, .6000
  189,    10, .8000
  189,    11, .6000
  189,    12, .4000
  189,    13, .5000
  189,    14, .2000
  189,    15, .1000
  189,    16, .0000
  189,    17, .1000
  189,    18, -.4000
  189,    19, -.8000
  189,    20, -1.0000

  190,     1, .7000
  190,     2, .8000
  190,     3, 1.0000
  190,     4, .7000
  190,     5, .6000
  190,     6, .6000
  190,     7, .7000
  190,     8, .5000
  190,     9, .7000
  190,    10, 1.0000
  190,    11, .7000
  190,    12, .4000
  190,    13, .3000
  190,    14, .4000
  190,    15, -.1000
  190,    16, .2000
  190,    17, .0000
  190,    18, -.1000
  190,    19, -1.0000
  190,    20, -.9000

  191,     1, .9000
  191,     2, .9000
  191,     3, .9000
  191,     4, 1.0000
  191,     5, .6000
  191,     6, .8000
  191,     7, .6000
  191,     8, .7000
  191,     9, .7000
  191,    10, .6000
  191,    11, .7000
  191,    12, .6000
  191,    13, .7000
  191,    14, .3000
  191,    15, .1000
  191,    16, .1000
  191,    17, .3000
  191,    18, .0000
  191,    19, -.3000
  191,    20, -1.0000

  192,     1, .8000
  192,     2, .5000
  192,     3, .9000
  192,     4, .9000
  192,     5, 1.0000
  192,     6, .9000
  192,     7, .8000
  192,     8, .6000
  192,     9, .6000
  192,    10, .3000
  192,    11, .5000
  192,    12, .5000
  192,    13, .5000
  192,    14, .2000
  192,    15, .2000
  192,    16, .3000
  192,    17, .2000
  192,    18, .1000
  192,    19, -.2000
  192,    20, -1.0000

  193,     1, .7000
  193,     2, .9000
  193,     3, .9000
  193,     4, .8000
  193,     5, 1.0000
  193,     6, .9000
  193,     7, .8000
  193,     8, .6000
  193,     9, .7000
  193,    10, .4000
  193,    11, .3000
  193,    12, .8000
  193,    13, .4000
  193,    14, .4000
  193,    15, .4000
  193,    16, .7000
  193,    17, .4000
  193,    18, .3000
  193,    19, -.3000
  193,    20, -.8000

  194,     1, .6000
  194,     2, .7000
  194,     3, .8000
  194,     4, 1.0000
  194,     5, .7000
  194,     6, .9000
  194,     7, .8000
  194,     8, .7000
  194,     9, .7000
  194,    10, .3000
  194,    11, .2000
  194,    12, .4000
  194,    13, .7000
  194,    14, .7000
  194,    15, .8000
  194,    16, .6000
  194,    17, .4000
  194,    18, .1000
  194,    19, -.7000
  194,    20, -.9000

  195,     1, 1.0000
  195,     2, .9000
  195,     3, .9000
  195,     4, .9000
  195,     5, .8000
  195,     6, .9000
  195,     7, .6000
  195,     8, .6000
  195,     9, .7000
  195,    10, .4000
  195,    11, .3000
  195,    12, .4000
  195,    13, .6000
  195,    14, .6000
  195,    15, .8000
  195,    16, .7000
  195,    17, .3000
  195,    18, -.1000
  195,    19, -.7000
  195,    20, -1.0000

  196,     1, 1.0000
  196,     2, .9000
  196,     3, .7000
  196,     4, .6000
  196,     5, .7000
  196,     6, .5000
  196,     7, .7000
  196,     8, .6000
  196,     9, .7000
  196,    10, .1000
  196,    11, .2000
  196,    12, .4000
  196,    13, .8000
  196,    14, .6000
  196,    15, .6000
  196,    16, .4000
  196,    17, .1000
  196,    18, -.1000
  196,    19, -.4000
  196,    20, -.8000

  197,     1, .8000
  197,     2, .9000
  197,     3, .8000
  197,     4, .5000
  197,     5, .7000
  197,     6, .8000
  197,     7, .6000
  197,     8, .6000
  197,     9, .5000
  197,    10, .2000
  197,    11, .4000
  197,    12, .6000
  197,    13, .6000
  197,    14, .7000
  197,    15, .3000
  197,    16, .6000
  197,    17, .2000
  197,    18, -.2000
  197,    19, -.7000
  197,    20, -.8000

  198,     1, .7000
  198,     2, .8000
  198,     3, .5000
  198,     4, .8000
  198,     5, .6000
  198,     6, .7000
  198,     7, .3000
  198,     8, .7000
  198,     9, .4000
  198,    10, .3000
  198,    11, .2000
  198,    12, .6000
  198,    13, .7000
  198,    14, .6000
  198,    15, .4000
  198,    16, .3000
  198,    17, .2000
  198,    18, -.2000
  198,    19, -.7000
  198,    20, -.9000

  199,     1, .5000
  199,     2, .7000
  199,     3, .7000
  199,     4, .5000
  199,     5, .8000
  199,     6, .5000
  199,     7, .2000
  199,     8, .6000
  199,     9, .6000
  199,    10, .6000
  199,    11, .6000
  199,    12, .3000
  199,    13, .8000
  199,    14, .5000
  199,    15, .2000
  199,    16, .4000
  199,    17, .4000
  199,    18, -.1000
  199,    19, -.6000
  199,    20, -1.0000

  200,     1, .6000
  200,     2, .6000
  200,     3, .8000
  200,     4, .8000
  200,     5, .7000
  200,     6, .5000
  200,     7, .4000
  200,     8, .4000
  200,     9, .5000
  200,    10, .4000
  200,    11, .4000
  200,    12, .3000
  200,    13, .7000
  200,    14, .4000
  200,    15, .1000
  200,    16, .6000
  200,    17, .4000
  200,    18, .0000
  200,    19, -.6000
  200,    20, -.8000

