# i_sweep, z, m_z
    1,     1, .8000
    1,     2, 1.0000
    1,     3, .9000
    1,     4, 1.0000
    1,     5, .9000
    1,     6, 1.0000
    1,     7, .9000
    1,     8, .6000
    1,     9, .8000
    1,    10, 1.0000
    1,    11, .9000
    1,    12, 1.0000
    1,    13, 1.0000
    1,    14, .9000
    1,    15, .8000
    1,    16, 1.0000
    1,    17, 1.0000
    1,    18, .8000
    1,    19, 1.0000
    1,    20, .9000

    2,     1, .7000
    2,     2, .8000
    2,     3, .8000
    2,     4, 1.0000
    2,     5, .7000
    2,     6, .9000
    2,     7, .9000
    2,     8, .5000
    2,     9, .9000
    2,    10, 1.0000
    2,    11, 1.0000
    2,    12, .9000
    2,    13, .9000
    2,    14, .8000
    2,    15, .7000
    2,    16, .6000
    2,    17, 1.0000
    2,    18, .9000
    2,    19, .9000
    2,    20, .6000

    3,     1, .9000
    3,     2, .9000
    3,     3, .9000
    3,     4, 1.0000
    3,     5, .9000
    3,     6, 1.0000
    3,     7, .9000
    3,     8, .6000
    3,     9, .9000
    3,    10, 1.0000
    3,    11, 1.0000
    3,    12, .8000
    3,    13, 1.0000
    3,    14, .8000
    3,    15, .8000
    3,    16, .7000
    3,    17, .9000
    3,    18, 1.0000
    3,    19, .8000
    3,    20, .3000

    4,     1, .9000
    4,     2, .9000
    4,     3, .9000
    4,     4, .8000
    4,     5, .9000
    4,     6, .9000
    4,     7, 1.0000
    4,     8, .6000
    4,     9, .9000
    4,    10, 1.0000
    4,    11, 1.0000
    4,    12, .9000
    4,    13, .7000
    4,    14, .9000
    4,    15, .8000
    4,    16, .8000
    4,    17, 1.0000
    4,    18, 1.0000
    4,    19, .7000
    4,    20, .4000

    5,     1, 1.0000
    5,     2, 1.0000
    5,     3, 1.0000
    5,     4, .7000
    5,     5, .5000
    5,     6, .6000
    5,     7, .7000
    5,     8, .8000
    5,     9, .8000
    5,    10, .9000
    5,    11, .9000
    5,    12, 1.0000
    5,    13, .8000
    5,    14, .9000
    5,    15, .9000
    5,    16, 1.0000
    5,    17, .6000
    5,    18, .7000
    5,    19, .8000
    5,    20, .5000

    6,     1, .8000
    6,     2, .9000
    6,     3, .9000
    6,     4, .6000
    6,     5, .2000
    6,     6, .6000
    6,     7, .5000
    6,     8, .7000
    6,     9, .7000
    6,    10, .7000
    6,    11, .7000
    6,    12, .8000
    6,    13, .9000
    6,    14, .9000
    6,    15, .7000
    6,    16, 1.0000
    6,    17, .6000
    6,    18, .5000
    6,    19, .2000
    6,    20, -.3000

    7,     1, .7000
    7,     2, .9000
    7,     3, .8000
    7,     4, .9000
    7,     5, .5000
    7,     6, .7000
    7,     7, .8000
    7,     8, .8000
    7,     9, .6000
    7,    10, .8000
    7,    11, .9000
    7,    12, .9000
    7,    13, .8000
    7,    14, .9000
    7,    15, .8000
    7,    16, 1.0000
    7,    17, .5000
    7,    18, .5000
    7,    19, .0000
    7,    20, -.2000

    8,     1, .7000
    8,     2, .9000
    8,     3, .6000
    8,     4, .8000
    8,     5, .6000
    8,     6, .8000
    8,     7, .6000
    8,     8, .9000
    8,     9, .7000
    8,    10, .7000
    8,    11, .9000
    8,    12, .9000
    8,    13, .9000
    8,    14, .9000
    8,    15, 1.0000
    8,    16, .9000
    8,    17, .6000
    8,    18, .4000
    8,    19, .1000
    8,    20, -.7000

    9,     1, .8000
    9,     2, .3000
    9,     3, .7000
    9,     4, .8000
    9,     5, .6000
    9,     6, .5000
    9,     7, 1.0000
    9,     8, .9000
    9,     9, .9000
    9,    10, .8000
    9,    11, .9000
    9,    12, .9000
    9,    13, 1.0000
    9,    14, .9000
    9,    15, .9000
    9,    16, 1.0000
    9,    17, .8000
    9,    18, .5000
    9,    19, .2000
    9,    20, -.8000

   10,     1, .6000
   10,     2, .4000
   10,     3, .6000
   10,     4, .6000
   10,     5, .7000
   10,     6, .4000
   10,     7, 1.0000
   10,     8, .9000
   10,     9, .9000
   10,    10, 1.0000
   10,    11, .8000
   10,    12, .7000
   10,    13, 1.0000
   10,    14, 1.0000
   10,    15, .9000
   10,    16, 1.0000
   10,    17, .9000
   10,    18, .6000
   10,    19, -.2000
   10,    20, -.5000

   11,     1, .8000
   11,     2, .6000
   11,     3, .6000
   11,     4, .3000
   11,     5, .5000
   11,     6, .5000
   11,     7, .8000
   11,     8, .9000
   11,     9, .9000
   11,    10, 1.0000
   11,    11, .9000
   11,    12, .9000
   11,    13, 1.0000
   11,    14, .9000
   11,    15, 1.0000
   11,    16, 1.0000
   11,    17, .9000
   11,    18, .4000
   11,    19, -.1000
   11,    20, -.7000

   12,     1, .9000
   12,     2, .6000
   12,     3, .6000
   12,     4, .5000
   12,     5, .5000
   12,     6, .2000
   12,     7, .9000
   12,     8, .9000
   12,     9, .9000
   12,    10, .8000
   12,    11, .9000
   12,    12, .7000
   12,    13, 1.0000
   12,    14, .8000
   12,    15, .9000
   12,    16, .9000
   12,    17, 1.0000
   12,    18, .8000
   12,    19, .5000
   12,    20, -.2000

   13,     1, .9000
   13,     2, .9000
   13,     3, .7000
   13,     4, .5000
   13,     5, .4000
   13,     6, .3000
   13,     7, .6000
   13,     8, .9000
   13,     9, .9000
   13,    10, .9000
   13,    11, .9000
   13,    12, .9000
   13,    13, .7000
   13,    14, .9000
   13,    15, 1.0000
   13,    16, .9000
   13,    17, .7000
   13,    18, .8000
   13,    19, .5000
   13,    20, -.5000

   14,     1, 1.0000
   14,     2, .5000
   14,     3, .6000
   14,     4, .6000
   14,     5, .7000
   14,     6, .4000
   14,     7, .7000
   14,     8, .9000
   14,     9, 1.0000
   14,    10, .9000
   14,    11, .9000
   14,    12, .7000
   14,    13, .6000
   14,    14, .8000
   14,    15, 1.0000
   14,    16, .7000
   14,    17, .9000
   14,    18, .4000
   14,    19, .3000
   14,    20, -.1000

   15,     1, 1.0000
   15,     2, .8000
   15,     3, .8000
   15,     4, .8000
   15,     5, .7000
   15,     6, .6000
   15,     7, .7000
   15,     8, .8000
   15,     9, 1.0000
   15,    10, .8000
   15,    11, .7000
   15,    12, .9000
   15,    13, .9000
   15,    14, .9000
   15,    15, .9000
   15,    16, .6000
   15,    17, .9000
   15,    18, .4000
   15,    19, .3000
   15,    20, -.1000

   16,     1, 1.0000
   16,     2, .4000
   16,     3, .6000
   16,     4, .7000
   16,     5, .7000
   16,     6, .5000
   16,     7, .9000
   16,     8, .9000
   16,     9, .8000
   16,    10, .7000
   16,    11, .7000
   16,    12, .9000
   16,    13, .8000
   16,    14, .8000
   16,    15, .9000
   16,    16, .9000
   16,    17, .7000
   16,    18, .7000
   16,    19, -.2000
   16,    20, -.6000

   17,     1, .7000
   17,     2, .8000
   17,     3, .6000
   17,     4, .3000
   17,     5, .7000
   17,     6, .7000
   17,     7, .9000
   17,     8, .5000
   17,     9, .7000
   17,    10, .8000
   17,    11, .7000
   17,    12, .7000
   17,    13, .8000
   17,    14, .8000
   17,    15, .9000
   17,    16, .8000
   17,    17, .7000
   17,    18, .7000
   17,    19, .2000
   17,    20, -.6000

   18,     1, .8000
   18,     2, .8000
   18,     3, .9000
   18,     4, .6000
   18,     5, .6000
   18,     6, .5000
   18,     7, .6000
   18,     8, .5000
   18,     9, 1.0000
   18,    10, .9000
   18,    11, 1.0000
   18,    12, .7000
   18,    13, .8000
   18,    14, .8000
   18,    15, .5000
   18,    16, .8000
   18,    17, .4000
   18,    18, .5000
   18,    19, .2000
   18,    20, -.9000

   19,     1, .8000
   19,     2, .6000
   19,     3, .6000
   19,     4, .7000
   19,     5, .5000
   19,     6, .8000
   19,     7, .9000
   19,     8, .7000
   19,     9, .9000
   19,    10, 1.0000
   19,    11, 1.0000
   19,    12, 1.0000
   19,    13, .8000
   19,    14, .8000
   19,    15, .8000
   19,    16, 1.0000
   19,    17, .5000
   19,    18, .4000
   19,    19, -.1000
   19,    20, -.8000

   20,     1, .8000
   20,     2, .9000
   20,     3, .5000
   20,     4, .8000
   20,     5, .7000
   20,     6, .6000
   20,     7, .9000
   20,     8, .7000
   20,     9, .8000
   20,    10, .9000
   20,    11, .9000
   20,    12, 1.0000
   20,    13, .7000
   20,    14, .9000
   20,    15, .9000
   20,    16, .7000
   20,    17, .7000
   20,    18, .2000
   20,    19, -.3000
   20,    20, -.9000

   21,     1, .9000
   21,     2, .4000
   21,     3, .1000
   21,     4, .4000
   21,     5, .4000
   21,     6, .7000
   21,     7, .8000
   21,     8, .8000
   21,     9, .7000
   21,    10, .8000
   21,    11, .7000
   21,    12, .7000
   21,    13, 1.0000
   21,    14, .9000
   21,    15, .8000
   21,    16, .8000
   21,    17, .8000
   21,    18, .3000
   21,    19, -.7000
   21,    20, -.9000

   22,     1, .8000
   22,     2, .1000
   22,     3, .1000
   22,     4, .2000
   22,     5, .3000
   22,     6, .7000
   22,     7, .8000
   22,     8, .9000
   22,     9, .8000
   22,    10, 1.0000
   22,    11, .6000
   22,    12, .6000
   22,    13, .9000
   22,    14, 1.0000
   22,    15, .9000
   22,    16, .8000
   22,    17, .7000
   22,    18, .3000
   22,    19, -.4000
   22,    20, -.8000

   23,     1, 1.0000
   23,     2, .5000
   23,     3, .4000
   23,     4, .6000
   23,     5, .4000
   23,     6, .9000
   23,     7, .9000
   23,     8, .8000
   23,     9, .8000
   23,    10, .9000
   23,    11, .8000
   23,    12, .9000
   23,    13, .7000
   23,    14, 1.0000
   23,    15, 1.0000
   23,    16, .8000
   23,    17, .5000
   23,    18, .0000
   23,    19, -.6000
   23,    20, -1.0000

   24,     1, 1.0000
   24,     2, .7000
   24,     3, .7000
   24,     4, .9000
   24,     5, .8000
   24,     6, .8000
   24,     7, .8000
   24,     8, .6000
   24,     9, .8000
   24,    10, .9000
   24,    11, .5000
   24,    12, .7000
   24,    13, 1.0000
   24,    14, 1.0000
   24,    15, 1.0000
   24,    16, .8000
   24,    17, .5000
   24,    18, -.1000
   24,    19, -.7000
   24,    20, -.6000

   25,     1, 1.0000
   25,     2, .7000
   25,     3, .7000
   25,     4, .6000
   25,     5, .7000
   25,     6, 1.0000
   25,     7, .6000
   25,     8, .5000
   25,     9, .8000
   25,    10, .8000
   25,    11, .4000
   25,    12, .6000
   25,    13, .8000
   25,    14, 1.0000
   25,    15, 1.0000
   25,    16, .9000
   25,    17, .2000
   25,    18, .3000
   25,    19, -.4000
   25,    20, -.7000

   26,     1, 1.0000
   26,     2, .7000
   26,     3, .7000
   26,     4, .8000
   26,     5, .8000
   26,     6, .7000
   26,     7, .6000
   26,     8, .8000
   26,     9, .9000
   26,    10, .7000
   26,    11, .6000
   26,    12, .7000
   26,    13, 1.0000
   26,    14, 1.0000
   26,    15, .8000
   26,    16, .8000
   26,    17, .4000
   26,    18, .0000
   26,    19, -.1000
   26,    20, -.4000

   27,     1, .9000
   27,     2, .6000
   27,     3, .8000
   27,     4, 1.0000
   27,     5, .6000
   27,     6, .9000
   27,     7, .5000
   27,     8, 1.0000
   27,     9, .9000
   27,    10, 1.0000
   27,    11, .8000
   27,    12, .9000
   27,    13, 1.0000
   27,    14, .8000
   27,    15, .7000
   27,    16, .9000
   27,    17, .6000
   27,    18, .0000
   27,    19, -.2000
   27,    20, -.6000

   28,     1, .8000
   28,     2, .5000
   28,     3, .9000
   28,     4, .9000
   28,     5, .7000
   28,     6, .7000
   28,     7, .5000
   28,     8, .7000
   28,     9, .6000
   28,    10, .9000
   28,    11, .6000
   28,    12, .7000
   28,    13, .9000
   28,    14, .6000
   28,    15, .7000
   28,    16, .4000
   28,    17, .1000
   28,    18, -.1000
   28,    19, -.3000
   28,    20, -.7000

   29,     1, .6000
   29,     2, .4000
   29,     3, .8000
   29,     4, .8000
   29,     5, .6000
   29,     6, .6000
   29,     7, .6000
   29,     8, .8000
   29,     9, .9000
   29,    10, .9000
   29,    11, .7000
   29,    12, 1.0000
   29,    13, .9000
   29,    14, .7000
   29,    15, .7000
   29,    16, .8000
   29,    17, .2000
   29,    18, .3000
   29,    19, -.3000
   29,    20, -.7000

   30,     1, .7000
   30,     2, .6000
   30,     3, .9000
   30,     4, 1.0000
   30,     5, .7000
   30,     6, .6000
   30,     7, .9000
   30,     8, .9000
   30,     9, .8000
   30,    10, .7000
   30,    11, .7000
   30,    12, .7000
   30,    13, .9000
   30,    14, .7000
   30,    15, .6000
   30,    16, .9000
   30,    17, .3000
   30,    18, .3000
   30,    19, -.2000
   30,    20, -.7000

   31,     1, .8000
   31,     2, .8000
   31,     3, .8000
   31,     4, .9000
   31,     5, .8000
   31,     6, .7000
   31,     7, .7000
   31,     8, 1.0000
   31,     9, .9000
   31,    10, .8000
   31,    11, .8000
   31,    12, .8000
   31,    13, .8000
   31,    14, .7000
   31,    15, .8000
   31,    16, .4000
   31,    17, .5000
   31,    18, -.1000
   31,    19, -.1000
   31,    20, -.6000

   32,     1, .6000
   32,     2, .7000
   32,     3, .9000
   32,     4, .9000
   32,     5, .7000
   32,     6, .8000
   32,     7, .8000
   32,     8, 1.0000
   32,     9, 1.0000
   32,    10, .8000
   32,    11, .8000
   32,    12, .8000
   32,    13, .7000
   32,    14, .8000
   32,    15, .6000
   32,    16, .1000
   32,    17, .1000
   32,    18, -.3000
   32,    19, -.5000
   32,    20, -.5000

   33,     1, .9000
   33,     2, .7000
   33,     3, .5000
   33,     4, .9000
   33,     5, .8000
   33,     6, .5000
   33,     7, 1.0000
   33,     8, .8000
   33,     9, .8000
   33,    10, .8000
   33,    11, 1.0000
   33,    12, .9000
   33,    13, .7000
   33,    14, 1.0000
   33,    15, .6000
   33,    16, .3000
   33,    17, .1000
   33,    18, -.3000
   33,    19, -.5000
   33,    20, -.6000

   34,     1, .9000
   34,     2, .8000
   34,     3, .6000
   34,     4, .9000
   34,     5, .5000
   34,     6, .6000
   34,     7, .8000
   34,     8, .8000
   34,     9, .9000
   34,    10, 1.0000
   34,    11, 1.0000
   34,    12, 1.0000
   34,    13, .8000
   34,    14, .8000
   34,    15, .9000
   34,    16, .2000
   34,    17, -.2000
   34,    18, -.2000
   34,    19, -.3000
   34,    20, -.7000

   35,     1, .9000
   35,     2, .8000
   35,     3, .9000
   35,     4, .9000
   35,     5, .6000
   35,     6, .8000
   35,     7, .7000
   35,     8, .9000
   35,     9, .8000
   35,    10, 1.0000
   35,    11, .6000
   35,    12, 1.0000
   35,    13, .9000
   35,    14, .5000
   35,    15, .5000
   35,    16, .4000
   35,    17, -.1000
   35,    18, .0000
   35,    19, -.4000
   35,    20, -.5000

   36,     1, 1.0000
   36,     2, .8000
   36,     3, .7000
   36,     4, .9000
   36,     5, .8000
   36,     6, .9000
   36,     7, .9000
   36,     8, .9000
   36,     9, .9000
   36,    10, .8000
   36,    11, .7000
   36,    12, 1.0000
   36,    13, .8000
   36,    14, .8000
   36,    15, .5000
   36,    16, .4000
   36,    17, .2000
   36,    18, .0000
   36,    19, -.3000
   36,    20, -.2000

   37,     1, .9000
   37,     2, .9000
   37,     3, .8000
   37,     4, 1.0000
   37,     5, .7000
   37,     6, .8000
   37,     7, 1.0000
   37,     8, .9000
   37,     9, .8000
   37,    10, .4000
   37,    11, .5000
   37,    12, .8000
   37,    13, .7000
   37,    14, .6000
   37,    15, .7000
   37,    16, .5000
   37,    17, .4000
   37,    18, -.1000
   37,    19, -.2000
   37,    20, -.2000

   38,     1, 1.0000
   38,     2, .8000
   38,     3, .8000
   38,     4, 1.0000
   38,     5, .5000
   38,     6, .8000
   38,     7, .8000
   38,     8, .9000
   38,     9, .7000
   38,    10, .7000
   38,    11, .6000
   38,    12, .6000
   38,    13, .4000
   38,    14, .4000
   38,    15, .8000
   38,    16, .7000
   38,    17, .3000
   38,    18, -.1000
   38,    19, -.7000
   38,    20, -.9000

   39,     1, 1.0000
   39,     2, .6000
   39,     3, .7000
   39,     4, .7000
   39,     5, .9000
   39,     6, .8000
   39,     7, .5000
   39,     8, .8000
   39,     9, .4000
   39,    10, .2000
   39,    11, .7000
   39,    12, .9000
   39,    13, .3000
   39,    14, .6000
   39,    15, .9000
   39,    16, .7000
   39,    17, .4000
   39,    18, .0000
   39,    19, -.2000
   39,    20, -.8000

   40,     1, .9000
   40,     2, .7000
   40,     3, .7000
   40,     4, .5000
   40,     5, .8000
   40,     6, .8000
   40,     7, .8000
   40,     8, .7000
   40,     9, .9000
   40,    10, .9000
   40,    11, .8000
   40,    12, .6000
   40,    13, .7000
   40,    14, .6000
   40,    15, .8000
   40,    16, .8000
   40,    17, .2000
   40,    18, -.1000
   40,    19, -.3000
   40,    20, -.8000

   41,     1, 1.0000
   41,     2, .6000
   41,     3, .4000
   41,     4, .9000
   41,     5, .7000
   41,     6, 1.0000
   41,     7, .9000
   41,     8, 1.0000
   41,     9, .7000
   41,    10, 1.0000
   41,    11, .8000
   41,    12, .6000
   41,    13, .5000
   41,    14, .8000
   41,    15, .7000
   41,    16, .7000
   41,    17, .3000
   41,    18, -.1000
   41,    19, -.6000
   41,    20, -.6000

   42,     1, .9000
   42,     2, .7000
   42,     3, .6000
   42,     4, .8000
   42,     5, .6000
   42,     6, .7000
   42,     7, 1.0000
   42,     8, 1.0000
   42,     9, 1.0000
   42,    10, 1.0000
   42,    11, .9000
   42,    12, .5000
   42,    13, .8000
   42,    14, .9000
   42,    15, .9000
   42,    16, .6000
   42,    17, .5000
   42,    18, .4000
   42,    19, -.4000
   42,    20, -.6000

   43,     1, 1.0000
   43,     2, 1.0000
   43,     3, .5000
   43,     4, .6000
   43,     5, .6000
   43,     6, .7000
   43,     7, .8000
   43,     8, 1.0000
   43,     9, 1.0000
   43,    10, 1.0000
   43,    11, 1.0000
   43,    12, .6000
   43,    13, .9000
   43,    14, .8000
   43,    15, 1.0000
   43,    16, .8000
   43,    17, .4000
   43,    18, .4000
   43,    19, .0000
   43,    20, -.9000

   44,     1, 1.0000
   44,     2, 1.0000
   44,     3, .9000
   44,     4, .4000
   44,     5, .4000
   44,     6, .6000
   44,     7, 1.0000
   44,     8, .9000
   44,     9, 1.0000
   44,    10, .8000
   44,    11, .7000
   44,    12, .6000
   44,    13, .8000
   44,    14, .8000
   44,    15, 1.0000
   44,    16, .8000
   44,    17, .2000
   44,    18, -.3000
   44,    19, -.4000
   44,    20, -.9000

   45,     1, 1.0000
   45,     2, 1.0000
   45,     3, .9000
   45,     4, .4000
   45,     5, .5000
   45,     6, .9000
   45,     7, 1.0000
   45,     8, .7000
   45,     9, .6000
   45,    10, .7000
   45,    11, .8000
   45,    12, .7000
   45,    13, .8000
   45,    14, 1.0000
   45,    15, .9000
   45,    16, .5000
   45,    17, .2000
   45,    18, .0000
   45,    19, -.7000
   45,    20, -.9000

   46,     1, 1.0000
   46,     2, 1.0000
   46,     3, .7000
   46,     4, .5000
   46,     5, .5000
   46,     6, .7000
   46,     7, .8000
   46,     8, .7000
   46,     9, .6000
   46,    10, .9000
   46,    11, .8000
   46,    12, 1.0000
   46,    13, .7000
   46,    14, 1.0000
   46,    15, .7000
   46,    16, .4000
   46,    17, .4000
   46,    18, -.1000
   46,    19, -.8000
   46,    20, -1.0000

   47,     1, 1.0000
   47,     2, 1.0000
   47,     3, .8000
   47,     4, .4000
   47,     5, .4000
   47,     6, 1.0000
   47,     7, .8000
   47,     8, .7000
   47,     9, .6000
   47,    10, .6000
   47,    11, .9000
   47,    12, 1.0000
   47,    13, 1.0000
   47,    14, 1.0000
   47,    15, .8000
   47,    16, .3000
   47,    17, .0000
   47,    18, -.5000
   47,    19, -.9000
   47,    20, -.9000

   48,     1, .7000
   48,     2, 1.0000
   48,     3, .9000
   48,     4, .5000
   48,     5, .5000
   48,     6, .9000
   48,     7, .9000
   48,     8, .8000
   48,     9, .5000
   48,    10, .9000
   48,    11, .9000
   48,    12, 1.0000
   48,    13, .9000
   48,    14, .8000
   48,    15, .2000
   48,    16, .2000
   48,    17, -.1000
   48,    18, -.6000
   48,    19, -.9000
   48,    20, -.9000

   49,     1, .8000
   49,     2, .9000
   49,     3, .9000
   49,     4, .3000
   49,     5, .6000
   49,     6, 1.0000
   49,     7, .9000
   49,     8, .7000
   49,     9, .5000
   49,    10, .7000
   49,    11, .8000
   49,    12, .9000
   49,    13, .9000
   49,    14, .9000
   49,    15, .4000
   49,    16, .5000
   49,    17, .0000
   49,    18, -.7000
   49,    19, -.7000
   49,    20, -.8000

   50,     1, 1.0000
   50,     2, 1.0000
   50,     3, .9000
   50,     4, .7000
   50,     5, .7000
   50,     6, .9000
   50,     7, .9000
   50,     8, .8000
   50,     9, .8000
   50,    10, .9000
   50,    11, .8000
   50,    12, .9000
   50,    13, 1.0000
   50,    14, .8000
   50,    15, .4000
   50,    16, .4000
   50,    17, .1000
   50,    18, -.5000
   50,    19, -.9000
   50,    20, -1.0000

   51,     1, 1.0000
   51,     2, .9000
   51,     3, .5000
   51,     4, .9000
   51,     5, .8000
   51,     6, .9000
   51,     7, .7000
   51,     8, .9000
   51,     9, .9000
   51,    10, .8000
   51,    11, .8000
   51,    12, .9000
   51,    13, .9000
   51,    14, .9000
   51,    15, .8000
   51,    16, .6000
   51,    17, .1000
   51,    18, -.3000
   51,    19, -.7000
   51,    20, -1.0000

   52,     1, 1.0000
   52,     2, .8000
   52,     3, .7000
   52,     4, 1.0000
   52,     5, .7000
   52,     6, .7000
   52,     7, .9000
   52,     8, .7000
   52,     9, 1.0000
   52,    10, 1.0000
   52,    11, 1.0000
   52,    12, .8000
   52,    13, .6000
   52,    14, 1.0000
   52,    15, .8000
   52,    16, .7000
   52,    17, -.1000
   52,    18, -.6000
   52,    19, -.7000
   52,    20, -1.0000

   53,     1, .7000
   53,     2, .6000
   53,     3, .7000
   53,     4, .9000
   53,     5, .8000
   53,     6, .6000
   53,     7, .9000
   53,     8, .9000
   53,     9, 1.0000
   53,    10, 1.0000
   53,    11, 1.0000
   53,    12, .9000
   53,    13, .8000
   53,    14, 1.0000
   53,    15, .7000
   53,    16, .6000
   53,    17, .3000
   53,    18, -.1000
   53,    19, -.7000
   53,    20, -.8000

   54,     1, .8000
   54,     2, 1.0000
   54,     3, .6000
   54,     4, 1.0000
   54,     5, .9000
   54,     6, .7000
   54,     7, 1.0000
   54,     8, .9000
   54,     9, 1.0000
   54,    10, 1.0000
   54,    11, .9000
   54,    12, .9000
   54,    13, .8000
   54,    14, .6000
   54,    15, .6000
   54,    16, .9000
   54,    17, .1000
   54,    18, -.3000
   54,    19, -.5000
   54,    20, -.6000

   55,     1, .4000
   55,     2, .9000
   55,     3, .6000
   55,     4, .9000
   55,     5, .9000
   55,     6, .5000
   55,     7, 1.0000
   55,     8, .9000
   55,     9, .9000
   55,    10, 1.0000
   55,    11, .8000
   55,    12, .8000
   55,    13, .7000
   55,    14, .8000
   55,    15, .6000
   55,    16, .8000
   55,    17, .0000
   55,    18, -.1000
   55,    19, -.7000
   55,    20, -.9000

   56,     1, .9000
   56,     2, .9000
   56,     3, .7000
   56,     4, .9000
   56,     5, .9000
   56,     6, .8000
   56,     7, .8000
   56,     8, .9000
   56,     9, .9000
   56,    10, 1.0000
   56,    11, .9000
   56,    12, .8000
   56,    13, .6000
   56,    14, .7000
   56,    15, .8000
   56,    16, .6000
   56,    17, .0000
   56,    18, .0000
   56,    19, -.9000
   56,    20, -.8000

   57,     1, .8000
   57,     2, .8000
   57,     3, .7000
   57,     4, 1.0000
   57,     5, 1.0000
   57,     6, .9000
   57,     7, .7000
   57,     8, .8000
   57,     9, .9000
   57,    10, 1.0000
   57,    11, .8000
   57,    12, .7000
   57,    13, .5000
   57,    14, .7000
   57,    15, .8000
   57,    16, .5000
   57,    17, .1000
   57,    18, -.2000
   57,    19, -.7000
   57,    20, -.7000

   58,     1, .8000
   58,     2, .7000
   58,     3, .9000
   58,     4, .8000
   58,     5, 1.0000
   58,     6, .8000
   58,     7, .6000
   58,     8, .9000
   58,     9, .8000
   58,    10, 1.0000
   58,    11, .9000
   58,    12, .7000
   58,    13, .5000
   58,    14, .9000
   58,    15, .5000
   58,    16, .5000
   58,    17, .1000
   58,    18, -.3000
   58,    19, -.7000
   58,    20, -.8000

   59,     1, .8000
   59,     2, .7000
   59,     3, .8000
   59,     4, .7000
   59,     5, .7000
   59,     6, .8000
   59,     7, .4000
   59,     8, .7000
   59,     9, .7000
   59,    10, 1.0000
   59,    11, .8000
   59,    12, .6000
   59,    13, .5000
   59,    14, .4000
   59,    15, .3000
   59,    16, .1000
   59,    17, .3000
   59,    18, -.4000
   59,    19, -1.0000
   59,    20, -.9000

   60,     1, .9000
   60,     2, .8000
   60,     3, .5000
   60,     4, .6000
   60,     5, .8000
   60,     6, .8000
   60,     7, .5000
   60,     8, .8000
   60,     9, .8000
   60,    10, 1.0000
   60,    11, .7000
   60,    12, .3000
   60,    13, .4000
   60,    14, .3000
   60,    15, -.1000
   60,    16, .4000
   60,    17, -.1000
   60,    18, -.5000
   60,    19, -1.0000
   60,    20, -.5000

   61,     1, .8000
   61,     2, .7000
   61,     3, .5000
   61,     4, .5000
   61,     5, .6000
   61,     6, .8000
   61,     7, .8000
   61,     8, 1.0000
   61,     9, .7000
   61,    10, .8000
   61,    11, .9000
   61,    12, .7000
   61,    13, .5000
   61,    14, .3000
   61,    15, -.1000
   61,    16, .2000
   61,    17, -.1000
   61,    18, -.7000
   61,    19, -1.0000
   61,    20, -.9000

   62,     1, .8000
   62,     2, .9000
   62,     3, .5000
   62,     4, .6000
   62,     5, .5000
   62,     6, .8000
   62,     7, 1.0000
   62,     8, 1.0000
   62,     9, .7000
   62,    10, .7000
   62,    11, .7000
   62,    12, .8000
   62,    13, .6000
   62,    14, .3000
   62,    15, .0000
   62,    16, .2000
   62,    17, .1000
   62,    18, -.6000
   62,    19, -1.0000
   62,    20, -.8000

   63,     1, .8000
   63,     2, .8000
   63,     3, .8000
   63,     4, .7000
   63,     5, .8000
   63,     6, 1.0000
   63,     7, 1.0000
   63,     8, 1.0000
   63,     9, .7000
   63,    10, .7000
   63,    11, .7000
   63,    12, .9000
   63,    13, .6000
   63,    14, .2000
   63,    15, .0000
   63,    16, .2000
   63,    17, -.3000
   63,    18, -.5000
   63,    19, -.9000
   63,    20, -.8000

   64,     1, .8000
   64,     2, .8000
   64,     3, .6000
   64,     4, .8000
   64,     5, .9000
   64,     6, .8000
   64,     7, 1.0000
   64,     8, 1.0000
   64,     9, .6000
   64,    10, .7000
   64,    11, 1.0000
   64,    12, .8000
   64,    13, .5000
   64,    14, .5000
   64,    15, .5000
   64,    16, .3000
   64,    17, -.2000
   64,    18, -.2000
   64,    19, -.5000
   64,    20, -.8000

   65,     1, .9000
   65,     2, 1.0000
   65,     3, .8000
   65,     4, .8000
   65,     5, .9000
   65,     6, 1.0000
   65,     7, 1.0000
   65,     8, .9000
   65,     9, .6000
   65,    10, .8000
   65,    11, 1.0000
   65,    12, 1.0000
   65,    13, .8000
   65,    14, .4000
   65,    15, .7000
   65,    16, .3000
   65,    17, -.4000
   65,    18, -.5000
   65,    19, -.6000
   65,    20, -1.0000

   66,     1, .8000
   66,     2, .8000
   66,     3, .9000
   66,     4, .9000
   66,     5, 1.0000
   66,     6, .9000
   66,     7, 1.0000
   66,     8, .7000
   66,     9, .8000
   66,    10, .8000
   66,    11, .9000
   66,    12, .9000
   66,    13, .5000
   66,    14, .4000
   66,    15, .8000
   66,    16, .6000
   66,    17, .1000
   66,    18, -.4000
   66,    19, -.6000
   66,    20, -.8000

   67,     1, .9000
   67,     2, .9000
   67,     3, .8000
   67,     4, .9000
   67,     5, 1.0000
   67,     6, .8000
   67,     7, .7000
   67,     8, .8000
   67,     9, .8000
   67,    10, .7000
   67,    11, .8000
   67,    12, .9000
   67,    13, .3000
   67,    14, .5000
   67,    15, 1.0000
   67,    16, .5000
   67,    17, .0000
   67,    18, -.4000
   67,    19, -.9000
   67,    20, -1.0000

   68,     1, .8000
   68,     2, .9000
   68,     3, .7000
   68,     4, .9000
   68,     5, .8000
   68,     6, .6000
   68,     7, .6000
   68,     8, .6000
   68,     9, .2000
   68,    10, .7000
   68,    11, .9000
   68,    12, .6000
   68,    13, .6000
   68,    14, .3000
   68,    15, .6000
   68,    16, .3000
   68,    17, .2000
   68,    18, -.6000
   68,    19, -1.0000
   68,    20, -.8000

   69,     1, 1.0000
   69,     2, .6000
   69,     3, .6000
   69,     4, 1.0000
   69,     5, .8000
   69,     6, .8000
   69,     7, .8000
   69,     8, .3000
   69,     9, .3000
   69,    10, .7000
   69,    11, .9000
   69,    12, .8000
   69,    13, .6000
   69,    14, .4000
   69,    15, .8000
   69,    16, .3000
   69,    17, .0000
   69,    18, -.2000
   69,    19, -.8000
   69,    20, -.8000

   70,     1, .9000
   70,     2, .6000
   70,     3, .8000
   70,     4, .8000
   70,     5, .8000
   70,     6, .9000
   70,     7, .9000
   70,     8, .6000
   70,     9, .6000
   70,    10, .5000
   70,    11, .9000
   70,    12, .7000
   70,    13, .7000
   70,    14, .7000
   70,    15, .7000
   70,    16, .3000
   70,    17, -.2000
   70,    18, -.5000
   70,    19, -.9000
   70,    20, -.8000

   71,     1, .9000
   71,     2, 1.0000
   71,     3, .9000
   71,     4, .8000
   71,     5, .7000
   71,     6, 1.0000
   71,     7, .6000
   71,     8, .7000
   71,     9, .6000
   71,    10, .5000
   71,    11, .7000
   71,    12, .8000
   71,    13, .4000
   71,    14, .6000
   71,    15, .6000
   71,    16, .5000
   71,    17, -.1000
   71,    18, -.5000
   71,    19, -1.0000
   71,    20, -.9000

   72,     1, 1.0000
   72,     2, 1.0000
   72,     3, .8000
   72,     4, .9000
   72,     5, .8000
   72,     6, 1.0000
   72,     7, .8000
   72,     8, .3000
   72,     9, .6000
   72,    10, .7000
   72,    11, 1.0000
   72,    12, 1.0000
   72,    13, .8000
   72,    14, .7000
   72,    15, .5000
   72,    16, .5000
   72,    17, -.4000
   72,    18, -.8000
   72,    19, -.7000
   72,    20, -.8000

   73,     1, 1.0000
   73,     2, .9000
   73,     3, .7000
   73,     4, 1.0000
   73,     5, .9000
   73,     6, .7000
   73,     7, .6000
   73,     8, .5000
   73,     9, .2000
   73,    10, .6000
   73,    11, .7000
   73,    12, 1.0000
   73,    13, .7000
   73,    14, .4000
   73,    15, .4000
   73,    16, .6000
   73,    17, -.3000
   73,    18, -.5000
   73,    19, -.9000
   73,    20, -1.0000

   74,     1, .8000
   74,     2, 1.0000
   74,     3, .9000
   74,     4, .8000
   74,     5, .6000
   74,     6, .5000
   74,     7, .9000
   74,     8, .5000
   74,     9, .2000
   74,    10, .6000
   74,    11, .6000
   74,    12, .5000
   74,    13, .5000
   74,    14, .4000
   74,    15, .3000
   74,    16, .3000
   74,    17, -.2000
   74,    18, -.7000
   74,    19, -.9000
   74,    20, -1.0000

   75,     1, 1.0000
   75,     2, 1.0000
   75,     3, .9000
   75,     4, .8000
   75,     5, .6000
   75,     6, .7000
   75,     7, .8000
   75,     8, .6000
   75,     9, .4000
   75,    10, .4000
   75,    11, .3000
   75,    12, .8000
   75,    13, .5000
   75,    14, .4000
   75,    15, .8000
   75,    16, .3000
   75,    17, -.3000
   75,    18, -.8000
   75,    19, -1.0000
   75,    20, -1.0000

   76,     1, 1.0000
   76,     2, .9000
   76,     3, 1.0000
   76,     4, .8000
   76,     5, .7000
   76,     6, .6000
   76,     7, .7000
   76,     8, .6000
   76,     9, .7000
   76,    10, .5000
   76,    11, .6000
   76,    12, .9000
   76,    13, .4000
   76,    14, .6000
   76,    15, .9000
   76,    16, .5000
   76,    17, -.2000
   76,    18, -.4000
   76,    19, -.9000
   76,    20, -.9000

   77,     1, .8000
   77,     2, .9000
   77,     3, 1.0000
   77,     4, .8000
   77,     5, .8000
   77,     6, .6000
   77,     7, .8000
   77,     8, .6000
   77,     9, 1.0000
   77,    10, .8000
   77,    11, .8000
   77,    12, 1.0000
   77,    13, .5000
   77,    14, .6000
   77,    15, .9000
   77,    16, .2000
   77,    17, .0000
   77,    18, -.3000
   77,    19, -.4000
   77,    20, -.7000

   78,     1, .9000
   78,     2, .7000
   78,     3, .8000
   78,     4, .9000
   78,     5, .8000
   78,     6, .6000
   78,     7, .6000
   78,     8, .8000
   78,     9, 1.0000
   78,    10, .6000
   78,    11, .6000
   78,    12, .8000
   78,    13, .4000
   78,    14, .9000
   78,    15, .8000
   78,    16, .6000
   78,    17, .0000
   78,    18, .0000
   78,    19, -.6000
   78,    20, -.8000

   79,     1, .8000
   79,     2, .8000
   79,     3, .7000
   79,     4, .6000
   79,     5, .8000
   79,     6, .7000
   79,     7, .6000
   79,     8, .9000
   79,     9, .7000
   79,    10, .4000
   79,    11, .7000
   79,    12, .7000
   79,    13, .8000
   79,    14, .9000
   79,    15, .6000
   79,    16, .5000
   79,    17, .4000
   79,    18, -.1000
   79,    19, -.6000
   79,    20, -.9000

   80,     1, .8000
   80,     2, .7000
   80,     3, .8000
   80,     4, .8000
   80,     5, .8000
   80,     6, .7000
   80,     7, .7000
   80,     8, .8000
   80,     9, .6000
   80,    10, .5000
   80,    11, .6000
   80,    12, 1.0000
   80,    13, .7000
   80,    14, .9000
   80,    15, .7000
   80,    16, .7000
   80,    17, .3000
   80,    18, -.3000
   80,    19, -.6000
   80,    20, -1.0000

   81,     1, .9000
   81,     2, .9000
   81,     3, .8000
   81,     4, 1.0000
   81,     5, .7000
   81,     6, .6000
   81,     7, .6000
   81,     8, .6000
   81,     9, .8000
   81,    10, .5000
   81,    11, .7000
   81,    12, .7000
   81,    13, .9000
   81,    14, .6000
   81,    15, .4000
   81,    16, .7000
   81,    17, .6000
   81,    18, -.1000
   81,    19, -.3000
   81,    20, -.4000

   82,     1, .9000
   82,     2, .6000
   82,     3, .9000
   82,     4, 1.0000
   82,     5, .7000
   82,     6, .7000
   82,     7, .5000
   82,     8, .5000
   82,     9, .4000
   82,    10, .7000
   82,    11, .5000
   82,    12, .5000
   82,    13, 1.0000
   82,    14, .5000
   82,    15, .9000
   82,    16, .7000
   82,    17, .2000
   82,    18, -.6000
   82,    19, -.3000
   82,    20, -.5000

   83,     1, .9000
   83,     2, .3000
   83,     3, .9000
   83,     4, .8000
   83,     5, .7000
   83,     6, .7000
   83,     7, .5000
   83,     8, .3000
   83,     9, .4000
   83,    10, .7000
   83,    11, .5000
   83,    12, .8000
   83,    13, .8000
   83,    14, .9000
   83,    15, .7000
   83,    16, .5000
   83,    17, .3000
   83,    18, -.3000
   83,    19, -.4000
   83,    20, -.3000

   84,     1, 1.0000
   84,     2, .8000
   84,     3, .7000
   84,     4, .9000
   84,     5, .8000
   84,     6, .6000
   84,     7, .4000
   84,     8, .4000
   84,     9, .6000
   84,    10, .9000
   84,    11, .8000
   84,    12, .8000
   84,    13, .7000
   84,    14, .7000
   84,    15, .5000
   84,    16, .6000
   84,    17, .4000
   84,    18, .0000
   84,    19, -.4000
   84,    20, -.5000

   85,     1, 1.0000
   85,     2, .8000
   85,     3, .7000
   85,     4, .6000
   85,     5, .8000
   85,     6, .9000
   85,     7, .8000
   85,     8, .8000
   85,     9, .7000
   85,    10, .9000
   85,    11, .9000
   85,    12, .9000
   85,    13, .7000
   85,    14, .8000
   85,    15, .9000
   85,    16, .6000
   85,    17, .6000
   85,    18, .5000
   85,    19, -.1000
   85,    20, -.8000

   86,     1, 1.0000
   86,     2, .8000
   86,     3, .7000
   86,     4, .5000
   86,     5, .8000
   86,     6, .6000
   86,     7, .7000
   86,     8, .5000
   86,     9, .7000
   86,    10, .7000
   86,    11, .8000
   86,    12, .5000
   86,    13, .6000
   86,    14, .8000
   86,    15, .8000
   86,    16, .6000
   86,    17, .7000
   86,    18, .5000
   86,    19, -.1000
   86,    20, -.7000

   87,     1, .9000
   87,     2, .9000
   87,     3, .5000
   87,     4, .6000
   87,     5, .6000
   87,     6, .8000
   87,     7, .9000
   87,     8, .2000
   87,     9, .7000
   87,    10, .7000
   87,    11, .7000
   87,    12, .8000
   87,    13, .6000
   87,    14, 1.0000
   87,    15, .9000
   87,    16, .8000
   87,    17, .7000
   87,    18, .2000
   87,    19, -.6000
   87,    20, -.7000

   88,     1, 1.0000
   88,     2, .9000
   88,     3, .5000
   88,     4, .5000
   88,     5, .7000
   88,     6, .8000
   88,     7, .7000
   88,     8, .5000
   88,     9, .7000
   88,    10, .4000
   88,    11, .4000
   88,    12, .8000
   88,    13, .8000
   88,    14, 1.0000
   88,    15, 1.0000
   88,    16, .9000
   88,    17, .9000
   88,    18, .0000
   88,    19, -.7000
   88,    20, -.5000

   89,     1, 1.0000
   89,     2, 1.0000
   89,     3, .6000
   89,     4, .7000
   89,     5, .9000
   89,     6, .7000
   89,     7, .4000
   89,     8, .2000
   89,     9, .8000
   89,    10, .7000
   89,    11, .3000
   89,    12, .5000
   89,    13, .6000
   89,    14, 1.0000
   89,    15, .6000
   89,    16, .9000
   89,    17, .6000
   89,    18, .2000
   89,    19, -.1000
   89,    20, -.5000

   90,     1, 1.0000
   90,     2, .8000
   90,     3, .6000
   90,     4, .6000
   90,     5, 1.0000
   90,     6, .8000
   90,     7, .6000
   90,     8, .3000
   90,     9, .8000
   90,    10, .7000
   90,    11, .6000
   90,    12, .1000
   90,    13, .6000
   90,    14, .7000
   90,    15, .6000
   90,    16, .8000
   90,    17, .7000
   90,    18, .5000
   90,    19, .0000
   90,    20, -.4000

   91,     1, 1.0000
   91,     2, .7000
   91,     3, .3000
   91,     4, .6000
   91,     5, .8000
   91,     6, 1.0000
   91,     7, .7000
   91,     8, .5000
   91,     9, .5000
   91,    10, .5000
   91,    11, .6000
   91,    12, .5000
   91,    13, .6000
   91,    14, .8000
   91,    15, .9000
   91,    16, .7000
   91,    17, .8000
   91,    18, .4000
   91,    19, .3000
   91,    20, -.1000

   92,     1, .5000
   92,     2, .5000
   92,     3, .5000
   92,     4, .7000
   92,     5, .7000
   92,     6, .7000
   92,     7, 1.0000
   92,     8, .8000
   92,     9, .6000
   92,    10, .7000
   92,    11, .4000
   92,    12, .6000
   92,    13, .5000
   92,    14, .9000
   92,    15, .4000
   92,    16, .9000
   92,    17, .7000
   92,    18, .3000
   92,    19, -.6000
   92,    20, -.6000

   93,     1, .6000
   93,     2, .5000
   93,     3, .6000
   93,     4, .6000
   93,     5, .7000
   93,     6, .6000
   93,     7, .8000
   93,     8, .8000
   93,     9, .5000
   93,    10, .5000
   93,    11, .5000
   93,    12, .9000
   93,    13, .9000
   93,    14, .9000
   93,    15, .6000
   93,    16, .9000
   93,    17, .7000
   93,    18, -.1000
   93,    19, -.4000
   93,    20, -.7000

   94,     1, .8000
   94,     2, .4000
   94,     3, .5000
   94,     4, .6000
   94,     5, .2000
   94,     6, .1000
   94,     7, .5000
   94,     8, .7000
   94,     9, .7000
   94,    10, .3000
   94,    11, .5000
   94,    12, .6000
   94,    13, .7000
   94,    14, .7000
   94,    15, .7000
   94,    16, .7000
   94,    17, .0000
   94,    18, -.1000
   94,    19, -.6000
   94,    20, -.8000

   95,     1, .6000
   95,     2, .0000
   95,     3, .7000
   95,     4, .5000
   95,     5, .1000
   95,     6, .2000
   95,     7, .7000
   95,     8, .7000
   95,     9, .7000
   95,    10, .7000
   95,    11, .6000
   95,    12, .5000
   95,    13, .6000
   95,    14, .6000
   95,    15, .7000
   95,    16, 1.0000
   95,    17, .1000
   95,    18, -.2000
   95,    19, -.4000
   95,    20, -.4000

   96,     1, .6000
   96,     2, .1000
   96,     3, .1000
   96,     4, .3000
   96,     5, -.4000
   96,     6, .3000
   96,     7, .3000
   96,     8, .6000
   96,     9, .6000
   96,    10, .5000
   96,    11, .4000
   96,    12, .5000
   96,    13, .6000
   96,    14, .6000
   96,    15, .9000
   96,    16, .7000
   96,    17, .5000
   96,    18, .3000
   96,    19, -.3000
   96,    20, -.8000

   97,     1, .6000
   97,     2, .3000
   97,     3, .0000
   97,     4, .5000
   97,     5, -.2000
   97,     6, .3000
   97,     7, .2000
   97,     8, .6000
   97,     9, .6000
   97,    10, .6000
   97,    11, .6000
   97,    12, .6000
   97,    13, .4000
   97,    14, .8000
   97,    15, .8000
   97,    16, 1.0000
   97,    17, .9000
   97,    18, .4000
   97,    19, -.3000
   97,    20, -.8000

   98,     1, .7000
   98,     2, .2000
   98,     3, .3000
   98,     4, .3000
   98,     5, .2000
   98,     6, -.1000
   98,     7, -.1000
   98,     8, .2000
   98,     9, .3000
   98,    10, .5000
   98,    11, .6000
   98,    12, .8000
   98,    13, .5000
   98,    14, .7000
   98,    15, .8000
   98,    16, 1.0000
   98,    17, .5000
   98,    18, .0000
   98,    19, -.6000
   98,    20, -.6000

   99,     1, .5000
   99,     2, -.1000
   99,     3, .2000
   99,     4, .3000
   99,     5, .2000
   99,     6, .4000
   99,     7, .5000
   99,     8, .2000
   99,     9, .2000
   99,    10, .2000
   99,    11, .5000
   99,    12, .8000
   99,    13, .7000
   99,    14, .4000
   99,    15, .5000
   99,    16, .6000
   99,    17, .6000
   99,    18, .1000
   99,    19, -.2000
   99,    20, -.7000

  100,     1, .0000
  100,     2, -.2000
  100,     3, .2000
  100,     4, .4000
  100,     5, .3000
  100,     6, .3000
  100,     7, .2000
  100,     8, .2000
  100,     9, .4000
  100,    10, .4000
  100,    11, .1000
  100,    12, .8000
  100,    13, .5000
  100,    14, .5000
  100,    15, .6000
  100,    16, .7000
  100,    17, .5000
  100,    18, .3000
  100,    19, -.5000
  100,    20, -.6000

  101,     1, .1000
  101,     2, .5000
  101,     3, .2000
  101,     4, .3000
  101,     5, .3000
  101,     6, .2000
  101,     7, .2000
  101,     8, .2000
  101,     9, .1000
  101,    10, .6000
  101,    11, .4000
  101,    12, .7000
  101,    13, .2000
  101,    14, .3000
  101,    15, .8000
  101,    16, .6000
  101,    17, .4000
  101,    18, .2000
  101,    19, -.5000
  101,    20, -.8000

  102,     1, .6000
  102,     2, .3000
  102,     3, .5000
  102,     4, .4000
  102,     5, .3000
  102,     6, .2000
  102,     7, -.1000
  102,     8, .3000
  102,     9, -.1000
  102,    10, .1000
  102,    11, .5000
  102,    12, .6000
  102,    13, -.2000
  102,    14, .2000
  102,    15, .7000
  102,    16, .6000
  102,    17, .1000
  102,    18, .0000
  102,    19, -.2000
  102,    20, -.8000

  103,     1, .9000
  103,     2, .3000
  103,     3, .4000
  103,     4, .5000
  103,     5, .3000
  103,     6, .3000
  103,     7, .2000
  103,     8, .5000
  103,     9, .3000
  103,    10, .4000
  103,    11, .6000
  103,    12, .7000
  103,    13, .4000
  103,    14, .2000
  103,    15, .8000
  103,    16, .4000
  103,    17, -.3000
  103,    18, -.4000
  103,    19, -.2000
  103,    20, -.9000

  104,     1, 1.0000
  104,     2, .6000
  104,     3, .3000
  104,     4, .5000
  104,     5, .4000
  104,     6, .2000
  104,     7, .5000
  104,     8, .7000
  104,     9, .6000
  104,    10, .3000
  104,    11, .3000
  104,    12, .7000
  104,    13, .5000
  104,    14, .2000
  104,    15, .5000
  104,    16, .6000
  104,    17, -.1000
  104,    18, -.4000
  104,    19, -.6000
  104,    20, -1.0000

  105,     1, 1.0000
  105,     2, .8000
  105,     3, .5000
  105,     4, .5000
  105,     5, .7000
  105,     6, .0000
  105,     7, .3000
  105,     8, .6000
  105,     9, .7000
  105,    10, .3000
  105,    11, .4000
  105,    12, .6000
  105,    13, .6000
  105,    14, .4000
  105,    15, .4000
  105,    16, .4000
  105,    17, .2000
  105,    18, -.1000
  105,    19, -.8000
  105,    20, -1.0000

  106,     1, .6000
  106,     2, .2000
  106,     3, .6000
  106,     4, .7000
  106,     5, .8000
  106,     6, .1000
  106,     7, .2000
  106,     8, .6000
  106,     9, .8000
  106,    10, .5000
  106,    11, .4000
  106,    12, .9000
  106,    13, .6000
  106,    14, .4000
  106,    15, .2000
  106,    16, .4000
  106,    17, .8000
  106,    18, .3000
  106,    19, -.8000
  106,    20, -.7000

  107,     1, .2000
  107,     2, .0000
  107,     3, .3000
  107,     4, .3000
  107,     5, .6000
  107,     6, .3000
  107,     7, .2000
  107,     8, .8000
  107,     9, .8000
  107,    10, .6000
  107,    11, .5000
  107,    12, .8000
  107,    13, .5000
  107,    14, .3000
  107,    15, .0000
  107,    16, -.1000
  107,    17, .5000
  107,    18, -.2000
  107,    19, -.4000
  107,    20, -.5000

  108,     1, .3000
  108,     2, .0000
  108,     3, .1000
  108,     4, .4000
  108,     5, .5000
  108,     6, .3000
  108,     7, .4000
  108,     8, .7000
  108,     9, .8000
  108,    10, .7000
  108,    11, .9000
  108,    12, .6000
  108,    13, .5000
  108,    14, .3000
  108,    15, .0000
  108,    16, .1000
  108,    17, .6000
  108,    18, -.1000
  108,    19, -.4000
  108,    20, -.7000

  109,     1, .6000
  109,     2, .3000
  109,     3, .0000
  109,     4, .4000
  109,     5, .4000
  109,     6, .2000
  109,     7, .3000
  109,     8, .6000
  109,     9, .6000
  109,    10, .7000
  109,    11, 1.0000
  109,    12, .8000
  109,    13, .7000
  109,    14, .4000
  109,    15, .2000
  109,    16, .5000
  109,    17, .6000
  109,    18, -.1000
  109,    19, -.5000
  109,    20, -.9000

  110,     1, .5000
  110,     2, .5000
  110,     3, .5000
  110,     4, .3000
  110,     5, .4000
  110,     6, .3000
  110,     7, .2000
  110,     8, .8000
  110,     9, .5000
  110,    10, .7000
  110,    11, .5000
  110,    12, .5000
  110,    13, .6000
  110,    14, .5000
  110,    15, .6000
  110,    16, .8000
  110,    17, .3000
  110,    18, -.1000
  110,    19, -.5000
  110,    20, -1.0000

  111,     1, .4000
  111,     2, .2000
  111,     3, .2000
  111,     4, .2000
  111,     5, .2000
  111,     6, .6000
  111,     7, .4000
  111,     8, .3000
  111,     9, .4000
  111,    10, .8000
  111,    11, .8000
  111,    12, .1000
  111,    13, .2000
  111,    14, .3000
  111,    15, .6000
  111,    16, .9000
  111,    17, .2000
  111,    18, .2000
  111,    19, -.3000
  111,    20, -.7000

  112,     1, .4000
  112,     2, .4000
  112,     3, .0000
  112,     4, .3000
  112,     5, .3000
  112,     6, .4000
  112,     7, .5000
  112,     8, .3000
  112,     9, .7000
  112,    10, .8000
  112,    11, .5000
  112,    12, .3000
  112,    13, .3000
  112,    14, .5000
  112,    15, .6000
  112,    16, .8000
  112,    17, .5000
  112,    18, .3000
  112,    19, .0000
  112,    20, -.5000

  113,     1, .1000
  113,     2, -.1000
  113,     3, .0000
  113,     4, .1000
  113,     5, .5000
  113,     6, .2000
  113,     7, .4000
  113,     8, .7000
  113,     9, .7000
  113,    10, .6000
  113,    11, .5000
  113,    12, .7000
  113,    13, .6000
  113,    14, .4000
  113,    15, .6000
  113,    16, .6000
  113,    17, .5000
  113,    18, .3000
  113,    19, -.3000
  113,    20, -.3000

  114,     1, .1000
  114,     2, -.1000
  114,     3, -.3000
  114,     4, .3000
  114,     5, .2000
  114,     6, .3000
  114,     7, .7000
  114,     8, .7000
  114,     9, .9000
  114,    10, .7000
  114,    11, .5000
  114,    12, .4000
  114,    13, .4000
  114,    14, .3000
  114,    15, .2000
  114,    16, .2000
  114,    17, .3000
  114,    18, .3000
  114,    19, -.2000
  114,    20, -.5000

  115,     1, .2000
  115,     2, -.2000
  115,     3, .1000
  115,     4, -.1000
  115,     5, .2000
  115,     6, .1000
  115,     7, .7000
  115,     8, .9000
  115,     9, 1.0000
  115,    10, .5000
  115,    11, .2000
  115,    12, .4000
  115,    13, .6000
  115,    14, .2000
  115,    15, .1000
  115,    16, .2000
  115,    17, .2000
  115,    18, .1000
  115,    19, -.1000
  115,    20, .0000

  116,     1, .5000
  116,     2, .1000
  116,     3, .3000
  116,     4, .7000
  116,     5, .4000
  116,     6, .2000
  116,     7, .8000
  116,     8, .8000
  116,     9, .5000
  116,    10, .4000
  116,    11, .4000
  116,    12, .6000
  116,    13, .5000
  116,    14, .1000
  116,    15, .2000
  116,    16, -.2000
  116,    17, .2000
  116,    18, .2000
  116,    19, .2000
  116,    20, -.4000

  117,     1, .9000
  117,     2, .3000
  117,     3, .3000
  117,     4, .6000
  117,     5, .5000
  117,     6, .4000
  117,     7, .9000
  117,     8, .6000
  117,     9, .3000
  117,    10, .3000
  117,    11, .0000
  117,    12, .0000
  117,    13, .6000
  117,    14, .1000
  117,    15, .1000
  117,    16, -.4000
  117,    17, .2000
  117,    18, .0000
  117,    19, .0000
  117,    20, -.4000

  118,     1, .8000
  118,     2, .4000
  118,     3, .3000
  118,     4, .2000
  118,     5, .5000
  118,     6, .3000
  118,     7, .4000
  118,     8, .3000
  118,     9, .3000
  118,    10, .5000
  118,    11, .1000
  118,    12, .1000
  118,    13, .2000
  118,    14, .2000
  118,    15, .2000
  118,    16, .1000
  118,    17, .1000
  118,    18, .2000
  118,    19, .0000
  118,    20, -.8000

  119,     1, .8000
  119,     2, .5000
  119,     3, .2000
  119,     4, .3000
  119,     5, .5000
  119,     6, .4000
  119,     7, .4000
  119,     8, .0000
  119,     9, .3000
  119,    10, .3000
  119,    11, .4000
  119,    12, .2000
  119,    13, .2000
  119,    14, .1000
  119,    15, .0000
  119,    16, -.1000
  119,    17, -.3000
  119,    18, .0000
  119,    19, -.2000
  119,    20, -.7000

  120,     1, 1.0000
  120,     2, .5000
  120,     3, .3000
  120,     4, .2000
  120,     5, .4000
  120,     6, .7000
  120,     7, .4000
  120,     8, .4000
  120,     9, .6000
  120,    10, .6000
  120,    11, .3000
  120,    12, .1000
  120,    13, .1000
  120,    14, -.2000
  120,    15, -.5000
  120,    16, -.7000
  120,    17, -.2000
  120,    18, -.2000
  120,    19, -.4000
  120,    20, -.9000

  121,     1, 1.0000
  121,     2, .4000
  121,     3, .3000
  121,     4, .5000
  121,     5, .4000
  121,     6, .4000
  121,     7, .5000
  121,     8, .3000
  121,     9, .4000
  121,    10, .6000
  121,    11, .2000
  121,    12, .0000
  121,    13, .2000
  121,    14, .1000
  121,    15, -.2000
  121,    16, -.8000
  121,    17, -.3000
  121,    18, -.1000
  121,    19, -.4000
  121,    20, -.8000

  122,     1, .8000
  122,     2, .4000
  122,     3, .4000
  122,     4, .2000
  122,     5, .4000
  122,     6, .7000
  122,     7, .8000
  122,     8, .2000
  122,     9, .6000
  122,    10, .6000
  122,    11, .3000
  122,    12, .3000
  122,    13, .2000
  122,    14, .1000
  122,    15, -.4000
  122,    16, -.9000
  122,    17, -.4000
  122,    18, .0000
  122,    19, -.4000
  122,    20, -.7000

  123,     1, 1.0000
  123,     2, .7000
  123,     3, .6000
  123,     4, .2000
  123,     5, .1000
  123,     6, .7000
  123,     7, .6000
  123,     8, .3000
  123,     9, .3000
  123,    10, .4000
  123,    11, .4000
  123,    12, .3000
  123,    13, .1000
  123,    14, .1000
  123,    15, -.5000
  123,    16, -.6000
  123,    17, -.6000
  123,    18, -.3000
  123,    19, -.5000
  123,    20, -.8000

  124,     1, 1.0000
  124,     2, .8000
  124,     3, .3000
  124,     4, .0000
  124,     5, .6000
  124,     6, .7000
  124,     7, .5000
  124,     8, .2000
  124,     9, .4000
  124,    10, .7000
  124,    11, .5000
  124,    12, .2000
  124,    13, .2000
  124,    14, .0000
  124,    15, -.3000
  124,    16, -.4000
  124,    17, -.4000
  124,    18, -.5000
  124,    19, -.3000
  124,    20, -.5000

  125,     1, .8000
  125,     2, .7000
  125,     3, .4000
  125,     4, .5000
  125,     5, .3000
  125,     6, .5000
  125,     7, .1000
  125,     8, .7000
  125,     9, .4000
  125,    10, .3000
  125,    11, .7000
  125,    12, .2000
  125,    13, .3000
  125,    14, .1000
  125,    15, -.3000
  125,    16, -.5000
  125,    17, -.4000
  125,    18, -.5000
  125,    19, -.2000
  125,    20, -.4000

  126,     1, .5000
  126,     2, .7000
  126,     3, .4000
  126,     4, .1000
  126,     5, -.1000
  126,     6, .4000
  126,     7, .4000
  126,     8, 1.0000
  126,     9, .5000
  126,    10, .5000
  126,    11, .2000
  126,    12, .3000
  126,    13, .3000
  126,    14, .1000
  126,    15, .0000
  126,    16, -.3000
  126,    17, -.4000
  126,    18, -.4000
  126,    19, -.6000
  126,    20, -.8000

  127,     1, .9000
  127,     2, 1.0000
  127,     3, .7000
  127,     4, .5000
  127,     5, .1000
  127,     6, .1000
  127,     7, .7000
  127,     8, .8000
  127,     9, .6000
  127,    10, .4000
  127,    11, .1000
  127,    12, .1000
  127,    13, .2000
  127,    14, .2000
  127,    15, -.2000
  127,    16, -.4000
  127,    17, -.5000
  127,    18, -.3000
  127,    19, -.9000
  127,    20, -1.0000

  128,     1, .9000
  128,     2, 1.0000
  128,     3, .5000
  128,     4, .3000
  128,     5, .1000
  128,     6, .0000
  128,     7, .9000
  128,     8, .9000
  128,     9, .7000
  128,    10, .1000
  128,    11, .0000
  128,    12, .0000
  128,    13, -.2000
  128,    14, -.1000
  128,    15, -.1000
  128,    16, -.5000
  128,    17, -.5000
  128,    18, -.6000
  128,    19, -.5000
  128,    20, -.9000

  129,     1, .9000
  129,     2, .7000
  129,     3, .5000
  129,     4, .3000
  129,     5, .2000
  129,     6, .2000
  129,     7, .9000
  129,     8, 1.0000
  129,     9, .7000
  129,    10, .3000
  129,    11, .0000
  129,    12, .0000
  129,    13, .1000
  129,    14, -.3000
  129,    15, -.4000
  129,    16, -.7000
  129,    17, -.5000
  129,    18, -.7000
  129,    19, -.4000
  129,    20, -.8000

  130,     1, .8000
  130,     2, .8000
  130,     3, .5000
  130,     4, .2000
  130,     5, .0000
  130,     6, .2000
  130,     7, .5000
  130,     8, 1.0000
  130,     9, .8000
  130,    10, .2000
  130,    11, .2000
  130,    12, .0000
  130,    13, -.2000
  130,    14, .0000
  130,    15, -.1000
  130,    16, -.3000
  130,    17, -.7000
  130,    18, -.7000
  130,    19, -.7000
  130,    20, -1.0000

  131,     1, .7000
  131,     2, .7000
  131,     3, .7000
  131,     4, .4000
  131,     5, .2000
  131,     6, .2000
  131,     7, .4000
  131,     8, .9000
  131,     9, .6000
  131,    10, .0000
  131,    11, .0000
  131,    12, .1000
  131,    13, -.2000
  131,    14, -.2000
  131,    15, .0000
  131,    16, -.4000
  131,    17, -.5000
  131,    18, -.6000
  131,    19, -.6000
  131,    20, -1.0000

  132,     1, .8000
  132,     2, .9000
  132,     3, .8000
  132,     4, .5000
  132,     5, .5000
  132,     6, .8000
  132,     7, .5000
  132,     8, .9000
  132,     9, .5000
  132,    10, .3000
  132,    11, .4000
  132,    12, .3000
  132,    13, .0000
  132,    14, .0000
  132,    15, -.1000
  132,    16, -.6000
  132,    17, -.7000
  132,    18, -.8000
  132,    19, -.8000
  132,    20, -.9000

  133,     1, 1.0000
  133,     2, .5000
  133,     3, .9000
  133,     4, .6000
  133,     5, .6000
  133,     6, .6000
  133,     7, .7000
  133,     8, .8000
  133,     9, .1000
  133,    10, -.1000
  133,    11, .2000
  133,    12, .2000
  133,    13, -.1000
  133,    14, -.3000
  133,    15, -.5000
  133,    16, -.6000
  133,    17, -.8000
  133,    18, -.9000
  133,    19, -.8000
  133,    20, -.9000

  134,     1, 1.0000
  134,     2, .2000
  134,     3, .9000
  134,     4, .9000
  134,     5, .4000
  134,     6, .4000
  134,     7, .7000
  134,     8, .8000
  134,     9, .2000
  134,    10, -.2000
  134,    11, .2000
  134,    12, .2000
  134,    13, -.1000
  134,    14, -.4000
  134,    15, -.3000
  134,    16, -.4000
  134,    17, -.7000
  134,    18, -.8000
  134,    19, -.9000
  134,    20, -.9000

  135,     1, .9000
  135,     2, .3000
  135,     3, .8000
  135,     4, 1.0000
  135,     5, .4000
  135,     6, .4000
  135,     7, .6000
  135,     8, .5000
  135,     9, .1000
  135,    10, .2000
  135,    11, .0000
  135,    12, .2000
  135,    13, .2000
  135,    14, -.1000
  135,    15, -.3000
  135,    16, -.4000
  135,    17, -.7000
  135,    18, -.9000
  135,    19, -.9000
  135,    20, -1.0000

  136,     1, 1.0000
  136,     2, .8000
  136,     3, .5000
  136,     4, .6000
  136,     5, .5000
  136,     6, .8000
  136,     7, .7000
  136,     8, .4000
  136,     9, .0000
  136,    10, .1000
  136,    11, .1000
  136,    12, .3000
  136,    13, .0000
  136,    14, -.2000
  136,    15, -.5000
  136,    16, -.5000
  136,    17, -.9000
  136,    18, -.9000
  136,    19, -1.0000
  136,    20, -.8000

  137,     1, 1.0000
  137,     2, 1.0000
  137,     3, .7000
  137,     4, .7000
  137,     5, .9000
  137,     6, .9000
  137,     7, .4000
  137,     8, .4000
  137,     9, .0000
  137,    10, .0000
  137,    11, -.4000
  137,    12, .2000
  137,    13, -.6000
  137,    14, -.1000
  137,    15, -.5000
  137,    16, -.5000
  137,    17, -.8000
  137,    18, -.8000
  137,    19, -1.0000
  137,    20, -1.0000

  138,     1, 1.0000
  138,     2, 1.0000
  138,     3, .7000
  138,     4, .9000
  138,     5, .8000
  138,     6, .4000
  138,     7, .4000
  138,     8, .3000
  138,     9, .1000
  138,    10, -.1000
  138,    11, -.2000
  138,    12, .0000
  138,    13, -.5000
  138,    14, -.1000
  138,    15, -.6000
  138,    16, -.8000
  138,    17, -.8000
  138,    18, -.6000
  138,    19, -.9000
  138,    20, -1.0000

  139,     1, .9000
  139,     2, 1.0000
  139,     3, .9000
  139,     4, .7000
  139,     5, .7000
  139,     6, .5000
  139,     7, .2000
  139,     8, .1000
  139,     9, .0000
  139,    10, .1000
  139,    11, -.2000
  139,    12, -.2000
  139,    13, -.2000
  139,    14, -.2000
  139,    15, -.8000
  139,    16, -.7000
  139,    17, -.4000
  139,    18, -.7000
  139,    19, -.9000
  139,    20, -1.0000

  140,     1, 1.0000
  140,     2, .9000
  140,     3, .9000
  140,     4, .8000
  140,     5, .7000
  140,     6, .6000
  140,     7, .4000
  140,     8, .2000
  140,     9, .2000
  140,    10, .0000
  140,    11, .0000
  140,    12, -.2000
  140,    13, -.2000
  140,    14, -.4000
  140,    15, -.8000
  140,    16, -.9000
  140,    17, -.6000
  140,    18, -.7000
  140,    19, -1.0000
  140,    20, -.9000

  141,     1, 1.0000
  141,     2, .9000
  141,     3, .7000
  141,     4, .5000
  141,     5, .6000
  141,     6, .5000
  141,     7, .4000
  141,     8, .2000
  141,     9, .1000
  141,    10, .1000
  141,    11, -.2000
  141,    12, -.2000
  141,    13, -.7000
  141,    14, -.2000
  141,    15, -.4000
  141,    16, -.7000
  141,    17, -.7000
  141,    18, -.5000
  141,    19, -.7000
  141,    20, -.7000

  142,     1, 1.0000
  142,     2, .7000
  142,     3, .9000
  142,     4, .7000
  142,     5, .7000
  142,     6, .7000
  142,     7, .5000
  142,     8, .3000
  142,     9, .1000
  142,    10, .0000
  142,    11, .0000
  142,    12, .1000
  142,    13, -.6000
  142,    14, -.5000
  142,    15, -.4000
  142,    16, -.6000
  142,    17, -.4000
  142,    18, -.7000
  142,    19, -.7000
  142,    20, -.8000

  143,     1, .8000
  143,     2, .8000
  143,     3, .6000
  143,     4, .9000
  143,     5, .7000
  143,     6, .7000
  143,     7, .5000
  143,     8, .7000
  143,     9, -.1000
  143,    10, -.1000
  143,    11, .1000
  143,    12, -.2000
  143,    13, -.4000
  143,    14, -.7000
  143,    15, -.7000
  143,    16, -.1000
  143,    17, -.7000
  143,    18, -.7000
  143,    19, -.6000
  143,    20, -.7000

  144,     1, .7000
  144,     2, .9000
  144,     3, .7000
  144,     4, .7000
  144,     5, .8000
  144,     6, .6000
  144,     7, .5000
  144,     8, .2000
  144,     9, .1000
  144,    10, .1000
  144,    11, .5000
  144,    12, .0000
  144,    13, -.4000
  144,    14, -.7000
  144,    15, -.8000
  144,    16, -.4000
  144,    17, -.6000
  144,    18, -.5000
  144,    19, -.4000
  144,    20, -.7000

  145,     1, .8000
  145,     2, .5000
  145,     3, .7000
  145,     4, .9000
  145,     5, .8000
  145,     6, .4000
  145,     7, .7000
  145,     8, .3000
  145,     9, -.1000
  145,    10, .2000
  145,    11, .1000
  145,    12, -.2000
  145,    13, -.5000
  145,    14, -.9000
  145,    15, -.8000
  145,    16, -.5000
  145,    17, -.4000
  145,    18, -.4000
  145,    19, -.4000
  145,    20, -.6000

  146,     1, .8000
  146,     2, .7000
  146,     3, .6000
  146,     4, .8000
  146,     5, .8000
  146,     6, .6000
  146,     7, .4000
  146,     8, .3000
  146,     9, .4000
  146,    10, .3000
  146,    11, .1000
  146,    12, -.5000
  146,    13, -.7000
  146,    14, -.8000
  146,    15, -.8000
  146,    16, -.8000
  146,    17, -.3000
  146,    18, -.2000
  146,    19, -.4000
  146,    20, -.5000

  147,     1, .9000
  147,     2, .8000
  147,     3, .9000
  147,     4, .7000
  147,     5, .6000
  147,     6, .7000
  147,     7, .6000
  147,     8, .8000
  147,     9, .5000
  147,    10, .5000
  147,    11, .1000
  147,    12, -.6000
  147,    13, -.4000
  147,    14, -.8000
  147,    15, -.6000
  147,    16, -.7000
  147,    17, -.4000
  147,    18, -.3000
  147,    19, -.6000
  147,    20, -.8000

  148,     1, .9000
  148,     2, 1.0000
  148,     3, .5000
  148,     4, .7000
  148,     5, .6000
  148,     6, .8000
  148,     7, .8000
  148,     8, .9000
  148,     9, .6000
  148,    10, .7000
  148,    11, .0000
  148,    12, -.8000
  148,    13, -.5000
  148,    14, -.5000
  148,    15, -.6000
  148,    16, -.7000
  148,    17, -.8000
  148,    18, -.1000
  148,    19, -.5000
  148,    20, -.9000

  149,     1, 1.0000
  149,     2, 1.0000
  149,     3, .6000
  149,     4, .7000
  149,     5, .7000
  149,     6, .8000
  149,     7, .8000
  149,     8, .8000
  149,     9, .4000
  149,    10, -.1000
  149,    11, -.1000
  149,    12, -.8000
  149,    13, .0000
  149,    14, -.5000
  149,    15, -.8000
  149,    16, -.7000
  149,    17, -.6000
  149,    18, -.5000
  149,    19, -.6000
  149,    20, -.7000

  150,     1, .9000
  150,     2, 1.0000
  150,     3, .7000
  150,     4, .7000
  150,     5, .7000
  150,     6, .7000
  150,     7, .9000
  150,     8, .6000
  150,     9, .1000
  150,    10, -.4000
  150,    11, -.2000
  150,    12, -.4000
  150,    13, .0000
  150,    14, -.3000
  150,    15, -.9000
  150,    16, -1.0000
  150,    17, -.7000
  150,    18, -.7000
  150,    19, -.5000
  150,    20, -.7000

  151,     1, 1.0000
  151,     2, .8000
  151,     3, .9000
  151,     4, .7000
  151,     5, .7000
  151,     6, .7000
  151,     7, .7000
  151,     8, .2000
  151,     9, .0000
  151,    10, -.1000
  151,    11, -.4000
  151,    12, .0000
  151,    13, -.3000
  151,    14, -.4000
  151,    15, -.9000
  151,    16, -1.0000
  151,    17, -1.0000
  151,    18, -.6000
  151,    19, -.4000
  151,    20, -.8000

  152,     1, .8000
  152,     2, .9000
  152,     3, .9000
  152,     4, .7000
  152,     5, .7000
  152,     6, .4000
  152,     7, .6000
  152,     8, .6000
  152,     9, -.2000
  152,    10, .1000
  152,    11, .1000
  152,    12, -.2000
  152,    13, .1000
  152,    14, -.4000
  152,    15, -.9000
  152,    16, -1.0000
  152,    17, -1.0000
  152,    18, -.4000
  152,    19, -.6000
  152,    20, -.6000

  153,     1, 1.0000
  153,     2, 1.0000
  153,     3, .8000
  153,     4, .7000
  153,     5, .8000
  153,     6, .5000
  153,     7, .6000
  153,     8, .7000
  153,     9, .1000
  153,    10, .0000
  153,    11, .1000
  153,    12, -.3000
  153,    13, -.1000
  153,    14, -.6000
  153,    15, -.9000
  153,    16, -.9000
  153,    17, -.7000
  153,    18, -.5000
  153,    19, -.9000
  153,    20, -.8000

  154,     1, 1.0000
  154,     2, 1.0000
  154,     3, .9000
  154,     4, .8000
  154,     5, .8000
  154,     6, .5000
  154,     7, .4000
  154,     8, .5000
  154,     9, -.2000
  154,    10, -.1000
  154,    11, -.2000
  154,    12, .0000
  154,    13, -.1000
  154,    14, -.8000
  154,    15, -.9000
  154,    16, -.9000
  154,    17, -.7000
  154,    18, -.8000
  154,    19, -.7000
  154,    20, -.8000

  155,     1, .9000
  155,     2, .9000
  155,     3, .7000
  155,     4, .8000
  155,     5, 1.0000
  155,     6, .6000
  155,     7, .5000
  155,     8, .4000
  155,     9, .0000
  155,    10, .3000
  155,    11, .0000
  155,    12, .0000
  155,    13, -.5000
  155,    14, -.5000
  155,    15, -.6000
  155,    16, -.7000
  155,    17, -.7000
  155,    18, -.7000
  155,    19, -.8000
  155,    20, -.8000

  156,     1, .7000
  156,     2, .8000
  156,     3, .7000
  156,     4, .6000
  156,     5, .9000
  156,     6, .7000
  156,     7, .7000
  156,     8, .5000
  156,     9, .6000
  156,    10, .4000
  156,    11, .2000
  156,    12, -.3000
  156,    13, -.3000
  156,    14, -.8000
  156,    15, -.7000
  156,    16, -.9000
  156,    17, -.8000
  156,    18, -.9000
  156,    19, -.9000
  156,    20, -1.0000

  157,     1, .8000
  157,     2, .8000
  157,     3, .7000
  157,     4, .6000
  157,     5, .9000
  157,     6, .6000
  157,     7, .3000
  157,     8, .2000
  157,     9, .5000
  157,    10, .4000
  157,    11, .0000
  157,    12, -.5000
  157,    13, -.3000
  157,    14, -.4000
  157,    15, -.7000
  157,    16, -.7000
  157,    17, -.6000
  157,    18, -.9000
  157,    19, -1.0000
  157,    20, -.8000

  158,     1, .8000
  158,     2, .9000
  158,     3, .4000
  158,     4, .8000
  158,     5, .9000
  158,     6, .9000
  158,     7, .6000
  158,     8, .2000
  158,     9, .5000
  158,    10, .1000
  158,    11, .1000
  158,    12, -.6000
  158,    13, -.2000
  158,    14, -.4000
  158,    15, -.7000
  158,    16, -.9000
  158,    17, -.8000
  158,    18, -1.0000
  158,    19, -1.0000
  158,    20, -.8000

  159,     1, .8000
  159,     2, .7000
  159,     3, .7000
  159,     4, .8000
  159,     5, .9000
  159,     6, 1.0000
  159,     7, .6000
  159,     8, .5000
  159,     9, .1000
  159,    10, -.1000
  159,    11, -.1000
  159,    12, -.5000
  159,    13, -.2000
  159,    14, -.7000
  159,    15, -.8000
  159,    16, -.9000
  159,    17, -1.0000
  159,    18, -1.0000
  159,    19, -.8000
  159,    20, -.9000

  160,     1, .7000
  160,     2, .7000
  160,     3, .7000
  160,     4, 1.0000
  160,     5, .9000
  160,     6, 1.0000
  160,     7, .9000
  160,     8, .6000
  160,     9, .6000
  160,    10, .0000
  160,    11, -.1000
  160,    12, -.4000
  160,    13, -.3000
  160,    14, -.7000
  160,    15, -.9000
  160,    16, -1.0000
  160,    17, -1.0000
  160,    18, -.8000
  160,    19, -.9000
  160,    20, -.9000

  161,     1, .9000
  161,     2, .7000
  161,     3, .8000
  161,     4, .7000
  161,     5, .9000
  161,     6, 1.0000
  161,     7, 1.0000
  161,     8, .6000
  161,     9, .4000
  161,    10, -.1000
  161,    11, -.3000
  161,    12, -.3000
  161,    13, -.4000
  161,    14, -.6000
  161,    15, -.8000
  161,    16, -.9000
  161,    17, -.9000
  161,    18, -.5000
  161,    19, -.7000
  161,    20, -1.0000

  162,     1, .7000
  162,     2, .7000
  162,     3, .6000
  162,     4, .8000
  162,     5, 1.0000
  162,     6, 1.0000
  162,     7, .9000
  162,     8, .8000
  162,     9, .5000
  162,    10, .2000
  162,    11, -.2000
  162,    12, -.7000
  162,    13, -.3000
  162,    14, -.5000
  162,    15, -.6000
  162,    16, -.7000
  162,    17, -.8000
  162,    18, -.9000
  162,    19, -.8000
  162,    20, -1.0000

  163,     1, .9000
  163,     2, .7000
  163,     3, .7000
  163,     4, .9000
  163,     5, .9000
  163,     6, .8000
  163,     7, 1.0000
  163,     8, .6000
  163,     9, .5000
  163,    10, .4000
  163,    11, -.3000
  163,    12, -.1000
  163,    13, -.2000
  163,    14, -.8000
  163,    15, -.9000
  163,    16, -.8000
  163,    17, -.8000
  163,    18, -1.0000
  163,    19, -.6000
  163,    20, -.8000

  164,     1, 1.0000
  164,     2, .5000
  164,     3, 1.0000
  164,     4, .9000
  164,     5, .9000
  164,     6, .9000
  164,     7, .9000
  164,     8, .6000
  164,     9, .7000
  164,    10, .5000
  164,    11, .3000
  164,    12, .2000
  164,    13, -.5000
  164,    14, -.9000
  164,    15, -.8000
  164,    16, -.8000
  164,    17, -.9000
  164,    18, -.7000
  164,    19, -.4000
  164,    20, -1.0000

  165,     1, .8000
  165,     2, .6000
  165,     3, .7000
  165,     4, .9000
  165,     5, 1.0000
  165,     6, .9000
  165,     7, 1.0000
  165,     8, .8000
  165,     9, .6000
  165,    10, .4000
  165,    11, .4000
  165,    12, .0000
  165,    13, -.5000
  165,    14, -.8000
  165,    15, -.9000
  165,    16, -.8000
  165,    17, -.7000
  165,    18, -.6000
  165,    19, -.6000
  165,    20, -1.0000

  166,     1, .8000
  166,     2, .9000
  166,     3, .7000
  166,     4, 1.0000
  166,     5, .9000
  166,     6, .4000
  166,     7, .6000
  166,     8, 1.0000
  166,     9, .7000
  166,    10, .5000
  166,    11, .5000
  166,    12, .1000
  166,    13, .1000
  166,    14, -.6000
  166,    15, -.8000
  166,    16, -.8000
  166,    17, -1.0000
  166,    18, -.9000
  166,    19, -.8000
  166,    20, -.8000

  167,     1, .7000
  167,     2, .8000
  167,     3, .8000
  167,     4, .9000
  167,     5, .8000
  167,     6, .9000
  167,     7, .8000
  167,     8, .9000
  167,     9, .7000
  167,    10, .3000
  167,    11, .7000
  167,    12, .4000
  167,    13, -.2000
  167,    14, -.4000
  167,    15, -1.0000
  167,    16, -.9000
  167,    17, -.9000
  167,    18, -.8000
  167,    19, -.8000
  167,    20, -.8000

  168,     1, 1.0000
  168,     2, .9000
  168,     3, .7000
  168,     4, .8000
  168,     5, .6000
  168,     6, .8000
  168,     7, .8000
  168,     8, .8000
  168,     9, .6000
  168,    10, .4000
  168,    11, .4000
  168,    12, .2000
  168,    13, -.1000
  168,    14, -.8000
  168,    15, -.9000
  168,    16, -.9000
  168,    17, -.7000
  168,    18, -.8000
  168,    19, -1.0000
  168,    20, -.7000

  169,     1, 1.0000
  169,     2, .9000
  169,     3, .4000
  169,     4, .4000
  169,     5, .7000
  169,     6, .9000
  169,     7, .8000
  169,     8, .3000
  169,     9, .6000
  169,    10, .6000
  169,    11, .2000
  169,    12, .1000
  169,    13, -.3000
  169,    14, -1.0000
  169,    15, -1.0000
  169,    16, -1.0000
  169,    17, -.9000
  169,    18, -.8000
  169,    19, -.9000
  169,    20, -.9000

  170,     1, .5000
  170,     2, .7000
  170,     3, .4000
  170,     4, .5000
  170,     5, .6000
  170,     6, 1.0000
  170,     7, .9000
  170,     8, .5000
  170,     9, .7000
  170,    10, .2000
  170,    11, .3000
  170,    12, -.2000
  170,    13, -.4000
  170,    14, -.5000
  170,    15, -.9000
  170,    16, -1.0000
  170,    17, -.6000
  170,    18, -.9000
  170,    19, -.8000
  170,    20, -.9000

  171,     1, .6000
  171,     2, .7000
  171,     3, .6000
  171,     4, .5000
  171,     5, .4000
  171,     6, .8000
  171,     7, .9000
  171,     8, .7000
  171,     9, .8000
  171,    10, -.1000
  171,    11, -.2000
  171,    12, -.3000
  171,    13, -.6000
  171,    14, -.8000
  171,    15, -.8000
  171,    16, -.9000
  171,    17, -.5000
  171,    18, -.7000
  171,    19, -.7000
  171,    20, -.9000

  172,     1, .7000
  172,     2, .6000
  172,     3, .4000
  172,     4, .5000
  172,     5, .8000
  172,     6, 1.0000
  172,     7, .9000
  172,     8, .7000
  172,     9, .8000
  172,    10, .1000
  172,    11, -.5000
  172,    12, -.5000
  172,    13, -.8000
  172,    14, -1.0000
  172,    15, -.7000
  172,    16, -.8000
  172,    17, -.6000
  172,    18, -1.0000
  172,    19, -1.0000
  172,    20, -.7000

  173,     1, .7000
  173,     2, .4000
  173,     3, .2000
  173,     4, .7000
  173,     5, .6000
  173,     6, .9000
  173,     7, .8000
  173,     8, .8000
  173,     9, .4000
  173,    10, -.1000
  173,    11, -.2000
  173,    12, -.3000
  173,    13, -.4000
  173,    14, -.8000
  173,    15, -.6000
  173,    16, -.8000
  173,    17, -.5000
  173,    18, -1.0000
  173,    19, -1.0000
  173,    20, -.8000

  174,     1, .9000
  174,     2, .3000
  174,     3, .5000
  174,     4, .8000
  174,     5, .7000
  174,     6, .9000
  174,     7, .8000
  174,     8, .8000
  174,     9, .6000
  174,    10, .0000
  174,    11, -.2000
  174,    12, -.4000
  174,    13, -.7000
  174,    14, -.6000
  174,    15, -.6000
  174,    16, -.7000
  174,    17, -.4000
  174,    18, -1.0000
  174,    19, -.7000
  174,    20, -.7000

  175,     1, .7000
  175,     2, .6000
  175,     3, .4000
  175,     4, .5000
  175,     5, .8000
  175,     6, .7000
  175,     7, .5000
  175,     8, .9000
  175,     9, .8000
  175,    10, .3000
  175,    11, -.1000
  175,    12, -.2000
  175,    13, -1.0000
  175,    14, -.6000
  175,    15, -.3000
  175,    16, -.4000
  175,    17, -.6000
  175,    18, -.9000
  175,    19, -.6000
  175,    20, -.8000

  176,     1, .9000
  176,     2, .7000
  176,     3, .5000
  176,     4, .5000
  176,     5, .5000
  176,     6, .6000
  176,     7, .9000
  176,     8, .8000
  176,     9, .8000
  176,    10, .6000
  176,    11, .5000
  176,    12, -.1000
  176,    13, -.7000
  176,    14, -.8000
  176,    15, -.4000
  176,    16, -.5000
  176,    17, -.4000
  176,    18, -.6000
  176,    19, -.6000
  176,    20, -.6000

  177,     1, .7000
  177,     2, .7000
  177,     3, .4000
  177,     4, .9000
  177,     5, .8000
  177,     6, .9000
  177,     7, .8000
  177,     8, 1.0000
  177,     9, .7000
  177,    10, .3000
  177,    11, .5000
  177,    12, .5000
  177,    13, -.7000
  177,    14, -.5000
  177,    15, -.7000
  177,    16, -.7000
  177,    17, -.8000
  177,    18, -.7000
  177,    19, -.5000
  177,    20, -.6000

  178,     1, .9000
  178,     2, .7000
  178,     3, .9000
  178,     4, .8000
  178,     5, .8000
  178,     6, .6000
  178,     7, .9000
  178,     8, .9000
  178,     9, .8000
  178,    10, .4000
  178,    11, .5000
  178,    12, .4000
  178,    13, -.6000
  178,    14, -.5000
  178,    15, -.6000
  178,    16, -1.0000
  178,    17, -.9000
  178,    18, -.7000
  178,    19, -.7000
  178,    20, -.8000

  179,     1, .9000
  179,     2, .8000
  179,     3, 1.0000
  179,     4, .7000
  179,     5, .5000
  179,     6, .7000
  179,     7, 1.0000
  179,     8, .9000
  179,     9, .8000
  179,    10, .7000
  179,    11, .4000
  179,    12, .4000
  179,    13, -.6000
  179,    14, -.6000
  179,    15, -.7000
  179,    16, -.9000
  179,    17, -.9000
  179,    18, -.9000
  179,    19, -.4000
  179,    20, -.6000

  180,     1, 1.0000
  180,     2, 1.0000
  180,     3, .6000
  180,     4, .8000
  180,     5, .7000
  180,     6, .5000
  180,     7, .9000
  180,     8, .8000
  180,     9, .6000
  180,    10, .6000
  180,    11, .4000
  180,    12, .2000
  180,    13, -.2000
  180,    14, -.4000
  180,    15, -.5000
  180,    16, -.9000
  180,    17, -.9000
  180,    18, -.9000
  180,    19, -.7000
  180,    20, -.9000

  181,     1, .9000
  181,     2, .9000
  181,     3, 1.0000
  181,     4, .8000
  181,     5, .6000
  181,     6, .4000
  181,     7, .6000
  181,     8, .8000
  181,     9, .6000
  181,    10, .8000
  181,    11, .7000
  181,    12, .4000
  181,    13, -.1000
  181,    14, -.1000
  181,    15, -.5000
  181,    16, -.7000
  181,    17, -.8000
  181,    18, -.7000
  181,    19, -.9000
  181,    20, -1.0000

  182,     1, .9000
  182,     2, .8000
  182,     3, .7000
  182,     4, .8000
  182,     5, .8000
  182,     6, .4000
  182,     7, .3000
  182,     8, .5000
  182,     9, .7000
  182,    10, .7000
  182,    11, .5000
  182,    12, .3000
  182,    13, .4000
  182,    14, -.3000
  182,    15, -.4000
  182,    16, -.8000
  182,    17, -.8000
  182,    18, -.5000
  182,    19, -.9000
  182,    20, -.7000

  183,     1, .9000
  183,     2, .5000
  183,     3, .7000
  183,     4, .8000
  183,     5, .8000
  183,     6, .4000
  183,     7, .1000
  183,     8, .4000
  183,     9, .8000
  183,    10, .5000
  183,    11, .4000
  183,    12, .0000
  183,    13, .1000
  183,    14, -.5000
  183,    15, -.4000
  183,    16, -.9000
  183,    17, -.9000
  183,    18, -.9000
  183,    19, -.7000
  183,    20, -.8000

  184,     1, .7000
  184,     2, .7000
  184,     3, .5000
  184,     4, .8000
  184,     5, .9000
  184,     6, .5000
  184,     7, .7000
  184,     8, .6000
  184,     9, .9000
  184,    10, .7000
  184,    11, .1000
  184,    12, -.3000
  184,    13, .0000
  184,    14, .0000
  184,    15, -.5000
  184,    16, -.9000
  184,    17, -1.0000
  184,    18, -.9000
  184,    19, -.5000
  184,    20, -.8000

  185,     1, .9000
  185,     2, .6000
  185,     3, .7000
  185,     4, .7000
  185,     5, .6000
  185,     6, .6000
  185,     7, .2000
  185,     8, .2000
  185,     9, .4000
  185,    10, .0000
  185,    11, -.2000
  185,    12, -.5000
  185,    13, -.2000
  185,    14, -.2000
  185,    15, -.5000
  185,    16, -.6000
  185,    17, -1.0000
  185,    18, -.8000
  185,    19, -.8000
  185,    20, -.8000

  186,     1, .7000
  186,     2, .6000
  186,     3, .7000
  186,     4, .7000
  186,     5, .8000
  186,     6, .6000
  186,     7, .4000
  186,     8, .3000
  186,     9, .1000
  186,    10, -.2000
  186,    11, -.7000
  186,    12, -.7000
  186,    13, -.4000
  186,    14, -.3000
  186,    15, -.3000
  186,    16, -.6000
  186,    17, -1.0000
  186,    18, -.8000
  186,    19, -.6000
  186,    20, -.8000

  187,     1, .6000
  187,     2, .7000
  187,     3, .8000
  187,     4, .8000
  187,     5, .9000
  187,     6, .5000
  187,     7, .4000
  187,     8, .3000
  187,     9, .1000
  187,    10, -.1000
  187,    11, -.3000
  187,    12, -.6000
  187,    13, -.5000
  187,    14, -.6000
  187,    15, -.2000
  187,    16, -.5000
  187,    17, -1.0000
  187,    18, -1.0000
  187,    19, -.6000
  187,    20, -.9000

  188,     1, .7000
  188,     2, 1.0000
  188,     3, 1.0000
  188,     4, .6000
  188,     5, .9000
  188,     6, .3000
  188,     7, .4000
  188,     8, .5000
  188,     9, .3000
  188,    10, -.4000
  188,    11, -.2000
  188,    12, .1000
  188,    13, -.4000
  188,    14, -.5000
  188,    15, -.7000
  188,    16, -.7000
  188,    17, -.8000
  188,    18, -1.0000
  188,    19, -.9000
  188,    20, -.9000

  189,     1, 1.0000
  189,     2, .9000
  189,     3, 1.0000
  189,     4, .7000
  189,     5, .7000
  189,     6, .7000
  189,     7, .6000
  189,     8, .3000
  189,     9, .1000
  189,    10, -.2000
  189,    11, -.4000
  189,    12, .0000
  189,    13, -.4000
  189,    14, -.7000
  189,    15, -.5000
  189,    16, -.7000
  189,    17, -.8000
  189,    18, -.9000
  189,    19, -.9000
  189,    20, -1.0000

  190,     1, .9000
  190,     2, .9000
  190,     3, .9000
  190,     4, .8000
  190,     5, .7000
  190,     6, .7000
  190,     7, .5000
  190,     8, .4000
  190,     9, .3000
  190,    10, -.4000
  190,    11, -.2000
  190,    12, -.1000
  190,    13, -.2000
  190,    14, -.3000
  190,    15, -.5000
  190,    16, -.7000
  190,    17, -.8000
  190,    18, -.8000
  190,    19, -.9000
  190,    20, -1.0000

  191,     1, 1.0000
  191,     2, .9000
  191,     3, .9000
  191,     4, .8000
  191,     5, .8000
  191,     6, .9000
  191,     7, .5000
  191,     8, .3000
  191,     9, .6000
  191,    10, .3000
  191,    11, -.2000
  191,    12, -.2000
  191,    13, .0000
  191,    14, -.6000
  191,    15, -.4000
  191,    16, -.4000
  191,    17, -.6000
  191,    18, -.9000
  191,    19, -.8000
  191,    20, -.9000

  192,     1, .8000
  192,     2, .8000
  192,     3, .8000
  192,     4, .8000
  192,     5, .8000
  192,     6, .8000
  192,     7, .6000
  192,     8, .3000
  192,     9, .4000
  192,    10, .1000
  192,    11, -.2000
  192,    12, .0000
  192,    13, .1000
  192,    14, -.4000
  192,    15, -.3000
  192,    16, -.8000
  192,    17, -.8000
  192,    18, -.9000
  192,    19, -.9000
  192,    20, -.7000

  193,     1, .6000
  193,     2, .4000
  193,     3, .9000
  193,     4, 1.0000
  193,     5, .7000
  193,     6, .7000
  193,     7, .3000
  193,     8, .7000
  193,     9, .5000
  193,    10, .0000
  193,    11, -.3000
  193,    12, .1000
  193,    13, .0000
  193,    14, -.5000
  193,    15, -.5000
  193,    16, -.9000
  193,    17, -.8000
  193,    18, -1.0000
  193,    19, -.9000
  193,    20, -.7000

  194,     1, .9000
  194,     2, .6000
  194,     3, 1.0000
  194,     4, .8000
  194,     5, .8000
  194,     6, .8000
  194,     7, .6000
  194,     8, .6000
  194,     9, .6000
  194,    10, .1000
  194,    11, -.2000
  194,    12, -.2000
  194,    13, -.4000
  194,    14, -.2000
  194,    15, -.6000
  194,    16, -.9000
  194,    17, -.9000
  194,    18, -.8000
  194,    19, -.9000
  194,    20, -1.0000

  195,     1, .5000
  195,     2, .5000
  195,     3, 1.0000
  195,     4, .9000
  195,     5, .6000
  195,     6, .8000
  195,     7, .8000
  195,     8, .6000
  195,     9, .5000
  195,    10, .0000
  195,    11, -.2000
  195,    12, -.1000
  195,    13, .0000
  195,    14, -.4000
  195,    15, -.4000
  195,    16, -.7000
  195,    17, -1.0000
  195,    18, -.8000
  195,    19, -.6000
  195,    20, -1.0000

  196,     1, .6000
  196,     2, .7000
  196,     3, .8000
  196,     4, .7000
  196,     5, .8000
  196,     6, .8000
  196,     7, .6000
  196,     8, .4000
  196,     9, .7000
  196,    10, .7000
  196,    11, .0000
  196,    12, -.1000
  196,    13, -.3000
  196,    14, -.2000
  196,    15, -.2000
  196,    16, -.5000
  196,    17, -1.0000
  196,    18, -.7000
  196,    19, -.8000
  196,    20, -1.0000

  197,     1, .9000
  197,     2, .8000
  197,     3, 1.0000
  197,     4, .6000
  197,     5, 1.0000
  197,     6, .9000
  197,     7, .9000
  197,     8, .5000
  197,     9, .5000
  197,    10, .3000
  197,    11, .0000
  197,    12, -.2000
  197,    13, -.1000
  197,    14, -.1000
  197,    15, .0000
  197,    16, -.3000
  197,    17, -.8000
  197,    18, -.9000
  197,    19, -.6000
  197,    20, -1.0000

  198,     1, .7000
  198,     2, .5000
  198,     3, .8000
  198,     4, .8000
  198,     5, .9000
  198,     6, .8000
  198,     7, .8000
  198,     8, .9000
  198,     9, .6000
  198,    10, .6000
  198,    11, .0000
  198,    12, -.1000
  198,    13, .3000
  198,    14, .1000
  198,    15, -.1000
  198,    16, -.4000
  198,    17, -.8000
  198,    18, -.9000
  198,    19, -.5000
  198,    20, -1.0000

  199,     1, .9000
  199,     2, .6000
  199,     3, .9000
  199,     4, .5000
  199,     5, .9000
  199,     6, .9000
  199,     7, 1.0000
  199,     8, 1.0000
  199,     9, .8000
  199,    10, .8000
  199,    11, .1000
  199,    12, -.3000
  199,    13, .1000
  199,    14, .3000
  199,    15, -.3000
  199,    16, -.1000
  199,    17, -.5000
  199,    18, -.8000
  199,    19, -.9000
  199,    20, -.8000

  200,     1, .8000
  200,     2, .9000
  200,     3, .6000
  200,     4, .6000
  200,     5, .7000
  200,     6, .7000
  200,     7, .8000
  200,     8, 1.0000
  200,     9, .9000
  200,    10, .5000
  200,    11, -.2000
  200,    12, -.2000
  200,    13, .4000
  200,    14, -.4000
  200,    15, -.2000
  200,    16, .0000
  200,    17, -.2000
  200,    18, -.9000
  200,    19, -1.0000
  200,    20, -1.0000

